  -249.750000               0   0.00000000    
  -249.250000               0   0.00000000    
  -248.750000               0   0.00000000    
  -248.250000               0   0.00000000    
  -247.750000               0   0.00000000    
  -247.250000               0   0.00000000    
  -246.750000               0   0.00000000    
  -246.250000               0   0.00000000    
  -245.750000               0   0.00000000    
  -245.250000               0   0.00000000    
  -244.750000               0   0.00000000    
  -244.250000               0   0.00000000    
  -243.750000               0   0.00000000    
  -243.250000               0   0.00000000    
  -242.750000               0   0.00000000    
  -242.250000               0   0.00000000    
  -241.750000               0   0.00000000    
  -241.250000               0   0.00000000    
  -240.750000               0   0.00000000    
  -240.250000               1   9.99999975E-05
  -239.750000               0   0.00000000    
  -239.250000               0   0.00000000    
  -238.750000               0   0.00000000    
  -238.250000               0   0.00000000    
  -237.750000               0   0.00000000    
  -237.250000               0   0.00000000    
  -236.750000               0   0.00000000    
  -236.250000               0   0.00000000    
  -235.750000               0   0.00000000    
  -235.250000               0   0.00000000    
  -234.750000               0   0.00000000    
  -234.250000               1   9.99999975E-05
  -233.750000               0   0.00000000    
  -233.250000               0   0.00000000    
  -232.750000               0   0.00000000    
  -232.250000               0   0.00000000    
  -231.750000               0   0.00000000    
  -231.250000               0   0.00000000    
  -230.750000               0   0.00000000    
  -230.250000               0   0.00000000    
  -229.750000               0   0.00000000    
  -229.250000               0   0.00000000    
  -228.750000               0   0.00000000    
  -228.250000               0   0.00000000    
  -227.750000               0   0.00000000    
  -227.250000               0   0.00000000    
  -226.750000               0   0.00000000    
  -226.250000               0   0.00000000    
  -225.750000               0   0.00000000    
  -225.250000               0   0.00000000    
  -224.750000               0   0.00000000    
  -224.250000               0   0.00000000    
  -223.750000               0   0.00000000    
  -223.250000               0   0.00000000    
  -222.750000               0   0.00000000    
  -222.250000               0   0.00000000    
  -221.750000               0   0.00000000    
  -221.250000               0   0.00000000    
  -220.750000               0   0.00000000    
  -220.250000               0   0.00000000    
  -219.750000               0   0.00000000    
  -219.250000               0   0.00000000    
  -218.750000               0   0.00000000    
  -218.250000               0   0.00000000    
  -217.750000               0   0.00000000    
  -217.250000               0   0.00000000    
  -216.750000               0   0.00000000    
  -216.250000               0   0.00000000    
  -215.750000               0   0.00000000    
  -215.250000               0   0.00000000    
  -214.750000               0   0.00000000    
  -214.250000               0   0.00000000    
  -213.750000               0   0.00000000    
  -213.250000               0   0.00000000    
  -212.750000               0   0.00000000    
  -212.250000               0   0.00000000    
  -211.750000               0   0.00000000    
  -211.250000               1   9.99999975E-05
  -210.750000               0   0.00000000    
  -210.250000               0   0.00000000    
  -209.750000               1   9.99999975E-05
  -209.250000               0   0.00000000    
  -208.750000               0   0.00000000    
  -208.250000               0   0.00000000    
  -207.750000               0   0.00000000    
  -207.250000               0   0.00000000    
  -206.750000               0   0.00000000    
  -206.250000               0   0.00000000    
  -205.750000               0   0.00000000    
  -205.250000               1   9.99999975E-05
  -204.750000               0   0.00000000    
  -204.250000               0   0.00000000    
  -203.750000               0   0.00000000    
  -203.250000               0   0.00000000    
  -202.750000               0   0.00000000    
  -202.250000               0   0.00000000    
  -201.750000               0   0.00000000    
  -201.250000               0   0.00000000    
  -200.750000               0   0.00000000    
  -200.250000               0   0.00000000    
  -199.750000               0   0.00000000    
  -199.250000               0   0.00000000    
  -198.750000               0   0.00000000    
  -198.250000               0   0.00000000    
  -197.750000               0   0.00000000    
  -197.250000               0   0.00000000    
  -196.750000               0   0.00000000    
  -196.250000               0   0.00000000    
  -195.750000               1   9.99999975E-05
  -195.250000               0   0.00000000    
  -194.750000               0   0.00000000    
  -194.250000               0   0.00000000    
  -193.750000               0   0.00000000    
  -193.250000               1   9.99999975E-05
  -192.750000               0   0.00000000    
  -192.250000               0   0.00000000    
  -191.750000               0   0.00000000    
  -191.250000               0   0.00000000    
  -190.750000               0   0.00000000    
  -190.250000               0   0.00000000    
  -189.750000               0   0.00000000    
  -189.250000               0   0.00000000    
  -188.750000               0   0.00000000    
  -188.250000               1   9.99999975E-05
  -187.750000               0   0.00000000    
  -187.250000               0   0.00000000    
  -186.750000               0   0.00000000    
  -186.250000               0   0.00000000    
  -185.750000               0   0.00000000    
  -185.250000               0   0.00000000    
  -184.750000               0   0.00000000    
  -184.250000               1   9.99999975E-05
  -183.750000               1   9.99999975E-05
  -183.250000               0   0.00000000    
  -182.750000               1   9.99999975E-05
  -182.250000               0   0.00000000    
  -181.750000               1   9.99999975E-05
  -181.250000               0   0.00000000    
  -180.750000               0   0.00000000    
  -180.250000               1   9.99999975E-05
  -179.750000               0   0.00000000    
  -179.250000               0   0.00000000    
  -178.750000               0   0.00000000    
  -178.250000               0   0.00000000    
  -177.750000               0   0.00000000    
  -177.250000               1   9.99999975E-05
  -176.750000               0   0.00000000    
  -176.250000               1   9.99999975E-05
  -175.750000               0   0.00000000    
  -175.250000               0   0.00000000    
  -174.750000               0   0.00000000    
  -174.250000               0   0.00000000    
  -173.750000               1   9.99999975E-05
  -173.250000               0   0.00000000    
  -172.750000               1   9.99999975E-05
  -172.250000               0   0.00000000    
  -171.750000               0   0.00000000    
  -171.250000               1   9.99999975E-05
  -170.750000               1   9.99999975E-05
  -170.250000               0   0.00000000    
  -169.750000               0   0.00000000    
  -169.250000               0   0.00000000    
  -168.750000               2   1.99999995E-04
  -168.250000               1   9.99999975E-05
  -167.750000               1   9.99999975E-05
  -167.250000               1   9.99999975E-05
  -166.750000               0   0.00000000    
  -166.250000               0   0.00000000    
  -165.750000               0   0.00000000    
  -165.250000               0   0.00000000    
  -164.750000               0   0.00000000    
  -164.250000               1   9.99999975E-05
  -163.750000               2   1.99999995E-04
  -163.250000               0   0.00000000    
  -162.750000               2   1.99999995E-04
  -162.250000               0   0.00000000    
  -161.750000               2   1.99999995E-04
  -161.250000               0   0.00000000    
  -160.750000               0   0.00000000    
  -160.250000               0   0.00000000    
  -159.750000               0   0.00000000    
  -159.250000               2   1.99999995E-04
  -158.750000               3   3.00000014E-04
  -158.250000               0   0.00000000    
  -157.750000               1   9.99999975E-05
  -157.250000               0   0.00000000    
  -156.750000               0   0.00000000    
  -156.250000               1   9.99999975E-05
  -155.750000               0   0.00000000    
  -155.250000               1   9.99999975E-05
  -154.750000               1   9.99999975E-05
  -154.250000               0   0.00000000    
  -153.750000               1   9.99999975E-05
  -153.250000               1   9.99999975E-05
  -152.750000               0   0.00000000    
  -152.250000               2   1.99999995E-04
  -151.750000               0   0.00000000    
  -151.250000               0   0.00000000    
  -150.750000               2   1.99999995E-04
  -150.250000               0   0.00000000    
  -149.750000               1   9.99999975E-05
  -149.250000               1   9.99999975E-05
  -148.750000               1   9.99999975E-05
  -148.250000               2   1.99999995E-04
  -147.750000               1   9.99999975E-05
  -147.250000               2   1.99999995E-04
  -146.750000               3   3.00000014E-04
  -146.250000               3   3.00000014E-04
  -145.750000               2   1.99999995E-04
  -145.250000               0   0.00000000    
  -144.750000               0   0.00000000    
  -144.250000               0   0.00000000    
  -143.750000               1   9.99999975E-05
  -143.250000               1   9.99999975E-05
  -142.750000               0   0.00000000    
  -142.250000               2   1.99999995E-04
  -141.750000               0   0.00000000    
  -141.250000               0   0.00000000    
  -140.750000               1   9.99999975E-05
  -140.250000               3   3.00000014E-04
  -139.750000               1   9.99999975E-05
  -139.250000               3   3.00000014E-04
  -138.750000               2   1.99999995E-04
  -138.250000               1   9.99999975E-05
  -137.750000               3   3.00000014E-04
  -137.250000               0   0.00000000    
  -136.750000               4   3.99999990E-04
  -136.250000               1   9.99999975E-05
  -135.750000               2   1.99999995E-04
  -135.250000               4   3.99999990E-04
  -134.750000               2   1.99999995E-04
  -134.250000               3   3.00000014E-04
  -133.750000               5   5.00000024E-04
  -133.250000               3   3.00000014E-04
  -132.750000               3   3.00000014E-04
  -132.250000               2   1.99999995E-04
  -131.750000               3   3.00000014E-04
  -131.250000               2   1.99999995E-04
  -130.750000               1   9.99999975E-05
  -130.250000               1   9.99999975E-05
  -129.750000               4   3.99999990E-04
  -129.250000               3   3.00000014E-04
  -128.750000               6   6.00000028E-04
  -128.250000               1   9.99999975E-05
  -127.750000               1   9.99999975E-05
  -127.250000               2   1.99999995E-04
  -126.750000               6   6.00000028E-04
  -126.250000               4   3.99999990E-04
  -125.750000               6   6.00000028E-04
  -125.250000               6   6.00000028E-04
  -124.750000               3   3.00000014E-04
  -124.250000               3   3.00000014E-04
  -123.750000               1   9.99999975E-05
  -123.250000               4   3.99999990E-04
  -122.750000               3   3.00000014E-04
  -122.250000               4   3.99999990E-04
  -121.750000               4   3.99999990E-04
  -121.250000               1   9.99999975E-05
  -120.750000               6   6.00000028E-04
  -120.250000               7   6.99999975E-04
  -119.750000               6   6.00000028E-04
  -119.250000               1   9.99999975E-05
  -118.750000               2   1.99999995E-04
  -118.250000               7   6.99999975E-04
  -117.750000               4   3.99999990E-04
  -117.250000               0   0.00000000    
  -116.750000               1   9.99999975E-05
  -116.250000               1   9.99999975E-05
  -115.750000               5   5.00000024E-04
  -115.250000               1   9.99999975E-05
  -114.750000               2   1.99999995E-04
  -114.250000               2   1.99999995E-04
  -113.750000               2   1.99999995E-04
  -113.250000               2   1.99999995E-04
  -112.750000               3   3.00000014E-04
  -112.250000               5   5.00000024E-04
  -111.750000               6   6.00000028E-04
  -111.250000               6   6.00000028E-04
  -110.750000               7   6.99999975E-04
  -110.250000               3   3.00000014E-04
  -109.750000               7   6.99999975E-04
  -109.250000               2   1.99999995E-04
  -108.750000               2   1.99999995E-04
  -108.250000               4   3.99999990E-04
  -107.750000               6   6.00000028E-04
  -107.250000               8   7.99999980E-04
  -106.750000               5   5.00000024E-04
  -106.250000               4   3.99999990E-04
  -105.750000               6   6.00000028E-04
  -105.250000               8   7.99999980E-04
  -104.750000               6   6.00000028E-04
  -104.250000               6   6.00000028E-04
  -103.750000               3   3.00000014E-04
  -103.250000               6   6.00000028E-04
  -102.750000              10   1.00000005E-03
  -102.250000               9   8.99999985E-04
  -101.750000               6   6.00000028E-04
  -101.250000               4   3.99999990E-04
  -100.750000               9   8.99999985E-04
  -100.250000               6   6.00000028E-04
  -99.7500000               4   3.99999990E-04
  -99.2500000               7   6.99999975E-04
  -98.7500000               7   6.99999975E-04
  -98.2500000               9   8.99999985E-04
  -97.7500000               5   5.00000024E-04
  -97.2500000              10   1.00000005E-03
  -96.7500000               8   7.99999980E-04
  -96.2500000              11   1.09999999E-03
  -95.7500000               7   6.99999975E-04
  -95.2500000               8   7.99999980E-04
  -94.7500000               5   5.00000024E-04
  -94.2500000               7   6.99999975E-04
  -93.7500000              12   1.20000006E-03
  -93.2500000               9   8.99999985E-04
  -92.7500000               9   8.99999985E-04
  -92.2500000               3   3.00000014E-04
  -91.7500000              10   1.00000005E-03
  -91.2500000               7   6.99999975E-04
  -90.7500000              14   1.39999995E-03
  -90.2500000              13   1.30000000E-03
  -89.7500000               3   3.00000014E-04
  -89.2500000               8   7.99999980E-04
  -88.7500000              12   1.20000006E-03
  -88.2500000               8   7.99999980E-04
  -87.7500000              10   1.00000005E-03
  -87.2500000              16   1.59999996E-03
  -86.7500000               8   7.99999980E-04
  -86.2500000               9   8.99999985E-04
  -85.7500000               9   8.99999985E-04
  -85.2500000              16   1.59999996E-03
  -84.7500000              13   1.30000000E-03
  -84.2500000              14   1.39999995E-03
  -83.7500000              15   1.50000001E-03
  -83.2500000               9   8.99999985E-04
  -82.7500000              12   1.20000006E-03
  -82.2500000               8   7.99999980E-04
  -81.7500000              12   1.20000006E-03
  -81.2500000              12   1.20000006E-03
  -80.7500000              23   2.30000005E-03
  -80.2500000              25   2.49999994E-03
  -79.7500000              11   1.09999999E-03
  -79.2500000              20   2.00000009E-03
  -78.7500000              11   1.09999999E-03
  -78.2500000              13   1.30000000E-03
  -77.7500000              18   1.79999997E-03
  -77.2500000              13   1.30000000E-03
  -76.7500000              18   1.79999997E-03
  -76.2500000              11   1.09999999E-03
  -75.7500000               5   5.00000024E-04
  -75.2500000               9   8.99999985E-04
  -74.7500000              14   1.39999995E-03
  -74.2500000              25   2.49999994E-03
  -73.7500000              13   1.30000000E-03
  -73.2500000              11   1.09999999E-03
  -72.7500000              18   1.79999997E-03
  -72.2500000              11   1.09999999E-03
  -71.7500000              23   2.30000005E-03
  -71.2500000              14   1.39999995E-03
  -70.7500000              19   1.90000003E-03
  -70.2500000              13   1.30000000E-03
  -69.7500000              17   1.70000002E-03
  -69.2500000              15   1.50000001E-03
  -68.7500000              14   1.39999995E-03
  -68.2500000              22   2.19999999E-03
  -67.7500000              10   1.00000005E-03
  -67.2500000              20   2.00000009E-03
  -66.7500000              18   1.79999997E-03
  -66.2500000              21   2.09999993E-03
  -65.7500000              17   1.70000002E-03
  -65.2500000              17   1.70000002E-03
  -64.7500000              22   2.19999999E-03
  -64.2500000              21   2.09999993E-03
  -63.7500000              17   1.70000002E-03
  -63.2500000              17   1.70000002E-03
  -62.7500000              20   2.00000009E-03
  -62.2500000              22   2.19999999E-03
  -61.7500000              24   2.40000011E-03
  -61.2500000              19   1.90000003E-03
  -60.7500000              22   2.19999999E-03
  -60.2500000              27   2.70000007E-03
  -59.7500000              18   1.79999997E-03
  -59.2500000              26   2.60000001E-03
  -58.7500000              18   1.79999997E-03
  -58.2500000              18   1.79999997E-03
  -57.7500000              26   2.60000001E-03
  -57.2500000              24   2.40000011E-03
  -56.7500000              11   1.09999999E-03
  -56.2500000              19   1.90000003E-03
  -55.7500000              18   1.79999997E-03
  -55.2500000              23   2.30000005E-03
  -54.7500000              14   1.39999995E-03
  -54.2500000              17   1.70000002E-03
  -53.7500000              29   2.89999996E-03
  -53.2500000              34   3.40000005E-03
  -52.7500000              22   2.19999999E-03
  -52.2500000              17   1.70000002E-03
  -51.7500000              24   2.40000011E-03
  -51.2500000              21   2.09999993E-03
  -50.7500000              25   2.49999994E-03
  -50.2500000              35   3.50000011E-03
  -49.7500000              22   2.19999999E-03
  -49.2500000              35   3.50000011E-03
  -48.7500000              20   2.00000009E-03
  -48.2500000              28   2.79999990E-03
  -47.7500000              25   2.49999994E-03
  -47.2500000              19   1.90000003E-03
  -46.7500000              24   2.40000011E-03
  -46.2500000              18   1.79999997E-03
  -45.7500000              31   3.10000009E-03
  -45.2500000              17   1.70000002E-03
  -44.7500000              31   3.10000009E-03
  -44.2500000              20   2.00000009E-03
  -43.7500000              29   2.89999996E-03
  -43.2500000              40   4.00000019E-03
  -42.7500000              25   2.49999994E-03
  -42.2500000              26   2.60000001E-03
  -41.7500000              28   2.79999990E-03
  -41.2500000              29   2.89999996E-03
  -40.7500000              22   2.19999999E-03
  -40.2500000              24   2.40000011E-03
  -39.7500000              28   2.79999990E-03
  -39.2500000              28   2.79999990E-03
  -38.7500000              31   3.10000009E-03
  -38.2500000              24   2.40000011E-03
  -37.7500000              31   3.10000009E-03
  -37.2500000              27   2.70000007E-03
  -36.7500000              33   3.29999998E-03
  -36.2500000              27   2.70000007E-03
  -35.7500000              27   2.70000007E-03
  -35.2500000              22   2.19999999E-03
  -34.7500000              22   2.19999999E-03
  -34.2500000              26   2.60000001E-03
  -33.7500000              33   3.29999998E-03
  -33.2500000              36   3.59999994E-03
  -32.7500000              29   2.89999996E-03
  -32.2500000              32   3.19999992E-03
  -31.7500000              21   2.09999993E-03
  -31.2500000              34   3.40000005E-03
  -30.7500000              30   3.00000003E-03
  -30.2500000              40   4.00000019E-03
  -29.7500000              33   3.29999998E-03
  -29.2500000              31   3.10000009E-03
  -28.7500000              20   2.00000009E-03
  -28.2500000              35   3.50000011E-03
  -27.7500000              29   2.89999996E-03
  -27.2500000              35   3.50000011E-03
  -26.7500000              29   2.89999996E-03
  -26.2500000              34   3.40000005E-03
  -25.7500000              25   2.49999994E-03
  -25.2500000              24   2.40000011E-03
  -24.7500000              31   3.10000009E-03
  -24.2500000              25   2.49999994E-03
  -23.7500000              23   2.30000005E-03
  -23.2500000              43   4.30000015E-03
  -22.7500000              34   3.40000005E-03
  -22.2500000              39   3.89999989E-03
  -21.7500000              29   2.89999996E-03
  -21.2500000              33   3.29999998E-03
  -20.7500000              33   3.29999998E-03
  -20.2500000              30   3.00000003E-03
  -19.7500000              32   3.19999992E-03
  -19.2500000              34   3.40000005E-03
  -18.7500000              34   3.40000005E-03
  -18.2500000              38   3.80000006E-03
  -17.7500000              44   4.39999998E-03
  -17.2500000              36   3.59999994E-03
  -16.7500000              28   2.79999990E-03
  -16.2500000              29   2.89999996E-03
  -15.7500000              25   2.49999994E-03
  -15.2500000              32   3.19999992E-03
  -14.7500000              30   3.00000003E-03
  -14.2500000              29   2.89999996E-03
  -13.7500000              32   3.19999992E-03
  -13.2500000              37   3.70000000E-03
  -12.7500000              34   3.40000005E-03
  -12.2500000              40   4.00000019E-03
  -11.7500000              28   2.79999990E-03
  -11.2500000              34   3.40000005E-03
  -10.7500000              28   2.79999990E-03
  -10.2500000              53   5.29999984E-03
  -9.75000000              36   3.59999994E-03
  -9.25000000              31   3.10000009E-03
  -8.75000000              44   4.39999998E-03
  -8.25000000              33   3.29999998E-03
  -7.75000000              31   3.10000009E-03
  -7.25000000              41   4.10000002E-03
  -6.75000000              31   3.10000009E-03
  -6.25000000              31   3.10000009E-03
  -5.75000000              47   4.69999993E-03
  -5.25000000              24   2.40000011E-03
  -4.75000000              32   3.19999992E-03
  -4.25000000              39   3.89999989E-03
  -3.75000000              31   3.10000009E-03
  -3.25000000              41   4.10000002E-03
  -2.75000000              23   2.30000005E-03
  -2.25000000              19   1.90000003E-03
  -1.75000000              25   2.49999994E-03
  -1.25000000              37   3.70000000E-03
 -0.750000000              39   3.89999989E-03
 -0.250000000              31   3.10000009E-03
  0.250000000              29   2.89999996E-03
  0.750000000              34   3.40000005E-03
   1.25000000              31   3.10000009E-03
   1.75000000              36   3.59999994E-03
   2.25000000              38   3.80000006E-03
   2.75000000              32   3.19999992E-03
   3.25000000              40   4.00000019E-03
   3.75000000              37   3.70000000E-03
   4.25000000              33   3.29999998E-03
   4.75000000              29   2.89999996E-03
   5.25000000              29   2.89999996E-03
   5.75000000              32   3.19999992E-03
   6.25000000              30   3.00000003E-03
   6.75000000              27   2.70000007E-03
   7.25000000              46   4.60000010E-03
   7.75000000              39   3.89999989E-03
   8.25000000              43   4.30000015E-03
   8.75000000              35   3.50000011E-03
   9.25000000              35   3.50000011E-03
   9.75000000              30   3.00000003E-03
   10.2500000              35   3.50000011E-03
   10.7500000              34   3.40000005E-03
   11.2500000              37   3.70000000E-03
   11.7500000              31   3.10000009E-03
   12.2500000              28   2.79999990E-03
   12.7500000              35   3.50000011E-03
   13.2500000              26   2.60000001E-03
   13.7500000              38   3.80000006E-03
   14.2500000              37   3.70000000E-03
   14.7500000              33   3.29999998E-03
   15.2500000              31   3.10000009E-03
   15.7500000              40   4.00000019E-03
   16.2500000              22   2.19999999E-03
   16.7500000              26   2.60000001E-03
   17.2500000              33   3.29999998E-03
   17.7500000              30   3.00000003E-03
   18.2500000              31   3.10000009E-03
   18.7500000              38   3.80000006E-03
   19.2500000              36   3.59999994E-03
   19.7500000              32   3.19999992E-03
   20.2500000              31   3.10000009E-03
   20.7500000              29   2.89999996E-03
   21.2500000              29   2.89999996E-03
   21.7500000              37   3.70000000E-03
   22.2500000              34   3.40000005E-03
   22.7500000              29   2.89999996E-03
   23.2500000              29   2.89999996E-03
   23.7500000              33   3.29999998E-03
   24.2500000              35   3.50000011E-03
   24.7500000              24   2.40000011E-03
   25.2500000              26   2.60000001E-03
   25.7500000              39   3.89999989E-03
   26.2500000              23   2.30000005E-03
   26.7500000              32   3.19999992E-03
   27.2500000              33   3.29999998E-03
   27.7500000              53   5.29999984E-03
   28.2500000              24   2.40000011E-03
   28.7500000              27   2.70000007E-03
   29.2500000              33   3.29999998E-03
   29.7500000              34   3.40000005E-03
   30.2500000              22   2.19999999E-03
   30.7500000              31   3.10000009E-03
   31.2500000              29   2.89999996E-03
   31.7500000              33   3.29999998E-03
   32.2500000              25   2.49999994E-03
   32.7500000              24   2.40000011E-03
   33.2500000              37   3.70000000E-03
   33.7500000              36   3.59999994E-03
   34.2500000              25   2.49999994E-03
   34.7500000              36   3.59999994E-03
   35.2500000              20   2.00000009E-03
   35.7500000              42   4.19999985E-03
   36.2500000              32   3.19999992E-03
   36.7500000              27   2.70000007E-03
   37.2500000              28   2.79999990E-03
   37.7500000              29   2.89999996E-03
   38.2500000              28   2.79999990E-03
   38.7500000              39   3.89999989E-03
   39.2500000              28   2.79999990E-03
   39.7500000              26   2.60000001E-03
   40.2500000              22   2.19999999E-03
   40.7500000              34   3.40000005E-03
   41.2500000              25   2.49999994E-03
   41.7500000              31   3.10000009E-03
   42.2500000              23   2.30000005E-03
   42.7500000              22   2.19999999E-03
   43.2500000              27   2.70000007E-03
   43.7500000              17   1.70000002E-03
   44.2500000              29   2.89999996E-03
   44.7500000              21   2.09999993E-03
   45.2500000              29   2.89999996E-03
   45.7500000              32   3.19999992E-03
   46.2500000              26   2.60000001E-03
   46.7500000              29   2.89999996E-03
   47.2500000              17   1.70000002E-03
   47.7500000              32   3.19999992E-03
   48.2500000              22   2.19999999E-03
   48.7500000              25   2.49999994E-03
   49.2500000              24   2.40000011E-03
   49.7500000              21   2.09999993E-03
   50.2500000              18   1.79999997E-03
   50.7500000              27   2.70000007E-03
   51.2500000              24   2.40000011E-03
   51.7500000              19   1.90000003E-03
   52.2500000              19   1.90000003E-03
   52.7500000              25   2.49999994E-03
   53.2500000              29   2.89999996E-03
   53.7500000              25   2.49999994E-03
   54.2500000              14   1.39999995E-03
   54.7500000              33   3.29999998E-03
   55.2500000              18   1.79999997E-03
   55.7500000              27   2.70000007E-03
   56.2500000              25   2.49999994E-03
   56.7500000              21   2.09999993E-03
   57.2500000              19   1.90000003E-03
   57.7500000              27   2.70000007E-03
   58.2500000              22   2.19999999E-03
   58.7500000              22   2.19999999E-03
   59.2500000              25   2.49999994E-03
   59.7500000              17   1.70000002E-03
   60.2500000              22   2.19999999E-03
   60.7500000              25   2.49999994E-03
   61.2500000              15   1.50000001E-03
   61.7500000              20   2.00000009E-03
   62.2500000              18   1.79999997E-03
   62.7500000              14   1.39999995E-03
   63.2500000              14   1.39999995E-03
   63.7500000              15   1.50000001E-03
   64.2500000              17   1.70000002E-03
   64.7500000              22   2.19999999E-03
   65.2500000              12   1.20000006E-03
   65.7500000              21   2.09999993E-03
   66.2500000              26   2.60000001E-03
   66.7500000              20   2.00000009E-03
   67.2500000              28   2.79999990E-03
   67.7500000              15   1.50000001E-03
   68.2500000              13   1.30000000E-03
   68.7500000              27   2.70000007E-03
   69.2500000              17   1.70000002E-03
   69.7500000              18   1.79999997E-03
   70.2500000              14   1.39999995E-03
   70.7500000              14   1.39999995E-03
   71.2500000              14   1.39999995E-03
   71.7500000              19   1.90000003E-03
   72.2500000              12   1.20000006E-03
   72.7500000              15   1.50000001E-03
   73.2500000              18   1.79999997E-03
   73.7500000              12   1.20000006E-03
   74.2500000              12   1.20000006E-03
   74.7500000              12   1.20000006E-03
   75.2500000              16   1.59999996E-03
   75.7500000              20   2.00000009E-03
   76.2500000              15   1.50000001E-03
   76.7500000               8   7.99999980E-04
   77.2500000              19   1.90000003E-03
   77.7500000              12   1.20000006E-03
   78.2500000              12   1.20000006E-03
   78.7500000               5   5.00000024E-04
   79.2500000              16   1.59999996E-03
   79.7500000              16   1.59999996E-03
   80.2500000              22   2.19999999E-03
   80.7500000              11   1.09999999E-03
   81.2500000              16   1.59999996E-03
   81.7500000              15   1.50000001E-03
   82.2500000              16   1.59999996E-03
   82.7500000              10   1.00000005E-03
   83.2500000               7   6.99999975E-04
   83.7500000              11   1.09999999E-03
   84.2500000              13   1.30000000E-03
   84.7500000              16   1.59999996E-03
   85.2500000              12   1.20000006E-03
   85.7500000              12   1.20000006E-03
   86.2500000               7   6.99999975E-04
   86.7500000               9   8.99999985E-04
   87.2500000               8   7.99999980E-04
   87.7500000               9   8.99999985E-04
   88.2500000              11   1.09999999E-03
   88.7500000              15   1.50000001E-03
   89.2500000              10   1.00000005E-03
   89.7500000              12   1.20000006E-03
   90.2500000               9   8.99999985E-04
   90.7500000              12   1.20000006E-03
   91.2500000              17   1.70000002E-03
   91.7500000              12   1.20000006E-03
   92.2500000              11   1.09999999E-03
   92.7500000              14   1.39999995E-03
   93.2500000              11   1.09999999E-03
   93.7500000              10   1.00000005E-03
   94.2500000               9   8.99999985E-04
   94.7500000              10   1.00000005E-03
   95.2500000              14   1.39999995E-03
   95.7500000               9   8.99999985E-04
   96.2500000              13   1.30000000E-03
   96.7500000               3   3.00000014E-04
   97.2500000               9   8.99999985E-04
   97.7500000               7   6.99999975E-04
   98.2500000              16   1.59999996E-03
   98.7500000               6   6.00000028E-04
   99.2500000               8   7.99999980E-04
   99.7500000               3   3.00000014E-04
   100.250000               7   6.99999975E-04
   100.750000              10   1.00000005E-03
   101.250000               8   7.99999980E-04
   101.750000               7   6.99999975E-04
   102.250000               8   7.99999980E-04
   102.750000               9   8.99999985E-04
   103.250000               9   8.99999985E-04
   103.750000               4   3.99999990E-04
   104.250000              11   1.09999999E-03
   104.750000               5   5.00000024E-04
   105.250000               5   5.00000024E-04
   105.750000               7   6.99999975E-04
   106.250000               6   6.00000028E-04
   106.750000               6   6.00000028E-04
   107.250000               6   6.00000028E-04
   107.750000               3   3.00000014E-04
   108.250000               4   3.99999990E-04
   108.750000               4   3.99999990E-04
   109.250000               5   5.00000024E-04
   109.750000               5   5.00000024E-04
   110.250000               6   6.00000028E-04
   110.750000               3   3.00000014E-04
   111.250000               6   6.00000028E-04
   111.750000               3   3.00000014E-04
   112.250000               5   5.00000024E-04
   112.750000               7   6.99999975E-04
   113.250000              10   1.00000005E-03
   113.750000               3   3.00000014E-04
   114.250000              10   1.00000005E-03
   114.750000               8   7.99999980E-04
   115.250000               7   6.99999975E-04
   115.750000               6   6.00000028E-04
   116.250000               6   6.00000028E-04
   116.750000               4   3.99999990E-04
   117.250000               2   1.99999995E-04
   117.750000               3   3.00000014E-04
   118.250000               3   3.00000014E-04
   118.750000               5   5.00000024E-04
   119.250000               5   5.00000024E-04
   119.750000               4   3.99999990E-04
   120.250000               5   5.00000024E-04
   120.750000               4   3.99999990E-04
   121.250000               2   1.99999995E-04
   121.750000               0   0.00000000    
   122.250000               2   1.99999995E-04
   122.750000               6   6.00000028E-04
   123.250000               2   1.99999995E-04
   123.750000               5   5.00000024E-04
   124.250000               0   0.00000000    
   124.750000               2   1.99999995E-04
   125.250000               6   6.00000028E-04
   125.750000               1   9.99999975E-05
   126.250000               2   1.99999995E-04
   126.750000               6   6.00000028E-04
   127.250000               4   3.99999990E-04
   127.750000               2   1.99999995E-04
   128.250000               1   9.99999975E-05
   128.750000               4   3.99999990E-04
   129.250000               3   3.00000014E-04
   129.750000               3   3.00000014E-04
   130.250000               0   0.00000000    
   130.750000               2   1.99999995E-04
   131.250000               2   1.99999995E-04
   131.750000               2   1.99999995E-04
   132.250000               2   1.99999995E-04
   132.750000               3   3.00000014E-04
   133.250000               0   0.00000000    
   133.750000               2   1.99999995E-04
   134.250000               2   1.99999995E-04
   134.750000               3   3.00000014E-04
   135.250000               3   3.00000014E-04
   135.750000               3   3.00000014E-04
   136.250000               2   1.99999995E-04
   136.750000               2   1.99999995E-04
   137.250000               0   0.00000000    
   137.750000               1   9.99999975E-05
   138.250000               2   1.99999995E-04
   138.750000               5   5.00000024E-04
   139.250000               1   9.99999975E-05
   139.750000               2   1.99999995E-04
   140.250000               2   1.99999995E-04
   140.750000               4   3.99999990E-04
   141.250000               2   1.99999995E-04
   141.750000               1   9.99999975E-05
   142.250000               3   3.00000014E-04
   142.750000               2   1.99999995E-04
   143.250000               1   9.99999975E-05
   143.750000               1   9.99999975E-05
   144.250000               1   9.99999975E-05
   144.750000               4   3.99999990E-04
   145.250000               1   9.99999975E-05
   145.750000               0   0.00000000    
   146.250000               2   1.99999995E-04
   146.750000               3   3.00000014E-04
   147.250000               1   9.99999975E-05
   147.750000               0   0.00000000    
   148.250000               0   0.00000000    
   148.750000               1   9.99999975E-05
   149.250000               0   0.00000000    
   149.750000               2   1.99999995E-04
   150.250000               2   1.99999995E-04
   150.750000               1   9.99999975E-05
   151.250000               1   9.99999975E-05
   151.750000               0   0.00000000    
   152.250000               1   9.99999975E-05
   152.750000               2   1.99999995E-04
   153.250000               0   0.00000000    
   153.750000               1   9.99999975E-05
   154.250000               1   9.99999975E-05
   154.750000               3   3.00000014E-04
   155.250000               3   3.00000014E-04
   155.750000               3   3.00000014E-04
   156.250000               1   9.99999975E-05
   156.750000               2   1.99999995E-04
   157.250000               0   0.00000000    
   157.750000               0   0.00000000    
   158.250000               1   9.99999975E-05
   158.750000               1   9.99999975E-05
   159.250000               2   1.99999995E-04
   159.750000               2   1.99999995E-04
   160.250000               1   9.99999975E-05
   160.750000               0   0.00000000    
   161.250000               0   0.00000000    
   161.750000               2   1.99999995E-04
   162.250000               0   0.00000000    
   162.750000               2   1.99999995E-04
   163.250000               0   0.00000000    
   163.750000               0   0.00000000    
   164.250000               0   0.00000000    
   164.750000               1   9.99999975E-05
   165.250000               0   0.00000000    
   165.750000               3   3.00000014E-04
   166.250000               0   0.00000000    
   166.750000               0   0.00000000    
   167.250000               0   0.00000000    
   167.750000               0   0.00000000    
   168.250000               0   0.00000000    
   168.750000               0   0.00000000    
   169.250000               0   0.00000000    
   169.750000               0   0.00000000    
   170.250000               1   9.99999975E-05
   170.750000               0   0.00000000    
   171.250000               3   3.00000014E-04
   171.750000               0   0.00000000    
   172.250000               0   0.00000000    
   172.750000               1   9.99999975E-05
   173.250000               1   9.99999975E-05
   173.750000               1   9.99999975E-05
   174.250000               1   9.99999975E-05
   174.750000               0   0.00000000    
   175.250000               0   0.00000000    
   175.750000               0   0.00000000    
   176.250000               1   9.99999975E-05
   176.750000               1   9.99999975E-05
   177.250000               0   0.00000000    
   177.750000               1   9.99999975E-05
   178.250000               0   0.00000000    
   178.750000               0   0.00000000    
   179.250000               0   0.00000000    
   179.750000               0   0.00000000    
   180.250000               0   0.00000000    
   180.750000               0   0.00000000    
   181.250000               1   9.99999975E-05
   181.750000               0   0.00000000    
   182.250000               0   0.00000000    
   182.750000               0   0.00000000    
   183.250000               0   0.00000000    
   183.750000               0   0.00000000    
   184.250000               1   9.99999975E-05
   184.750000               0   0.00000000    
   185.250000               1   9.99999975E-05
   185.750000               1   9.99999975E-05
   186.250000               0   0.00000000    
   186.750000               0   0.00000000    
   187.250000               1   9.99999975E-05
   187.750000               0   0.00000000    
   188.250000               0   0.00000000    
   188.750000               0   0.00000000    
   189.250000               0   0.00000000    
   189.750000               0   0.00000000    
   190.250000               0   0.00000000    
   190.750000               0   0.00000000    
   191.250000               0   0.00000000    
   191.750000               0   0.00000000    
   192.250000               1   9.99999975E-05
   192.750000               0   0.00000000    
   193.250000               0   0.00000000    
   193.750000               0   0.00000000    
   194.250000               0   0.00000000    
   194.750000               0   0.00000000    
   195.250000               0   0.00000000    
   195.750000               0   0.00000000    
   196.250000               0   0.00000000    
   196.750000               0   0.00000000    
   197.250000               0   0.00000000    
   197.750000               0   0.00000000    
   198.250000               0   0.00000000    
   198.750000               0   0.00000000    
   199.250000               0   0.00000000    
   199.750000               0   0.00000000    
   200.250000               0   0.00000000    
   200.750000               0   0.00000000    
   201.250000               0   0.00000000    
   201.750000               0   0.00000000    
   202.250000               0   0.00000000    
   202.750000               0   0.00000000    
   203.250000               0   0.00000000    
   203.750000               0   0.00000000    
   204.250000               0   0.00000000    
   204.750000               0   0.00000000    
   205.250000               0   0.00000000    
   205.750000               0   0.00000000    
   206.250000               0   0.00000000    
   206.750000               0   0.00000000    
   207.250000               0   0.00000000    
   207.750000               0   0.00000000    
   208.250000               0   0.00000000    
   208.750000               0   0.00000000    
   209.250000               0   0.00000000    
   209.750000               0   0.00000000    
   210.250000               0   0.00000000    
   210.750000               0   0.00000000    
   211.250000               0   0.00000000    
   211.750000               0   0.00000000    
   212.250000               0   0.00000000    
   212.750000               0   0.00000000    
   213.250000               0   0.00000000    
   213.750000               0   0.00000000    
   214.250000               0   0.00000000    
   214.750000               0   0.00000000    
   215.250000               0   0.00000000    
   215.750000               0   0.00000000    
   216.250000               0   0.00000000    
   216.750000               0   0.00000000    
   217.250000               0   0.00000000    
   217.750000               0   0.00000000    
   218.250000               0   0.00000000    
   218.750000               0   0.00000000    
   219.250000               0   0.00000000    
   219.750000               0   0.00000000    
   220.250000               0   0.00000000    
   220.750000               0   0.00000000    
   221.250000               0   0.00000000    
   221.750000               0   0.00000000    
   222.250000               0   0.00000000    
   222.750000               0   0.00000000    
   223.250000               0   0.00000000    
   223.750000               0   0.00000000    
   224.250000               0   0.00000000    
   224.750000               0   0.00000000    
   225.250000               0   0.00000000    
   225.750000               0   0.00000000    
   226.250000               0   0.00000000    
   226.750000               0   0.00000000    
   227.250000               0   0.00000000    
   227.750000               0   0.00000000    
   228.250000               0   0.00000000    
   228.750000               0   0.00000000    
   229.250000               0   0.00000000    
   229.750000               0   0.00000000    
   230.250000               0   0.00000000    
   230.750000               0   0.00000000    
   231.250000               0   0.00000000    
   231.750000               0   0.00000000    
   232.250000               0   0.00000000    
   232.750000               0   0.00000000    
   233.250000               0   0.00000000    
   233.750000               0   0.00000000    
   234.250000               0   0.00000000    
   234.750000               0   0.00000000    
   235.250000               0   0.00000000    
   235.750000               0   0.00000000    
   236.250000               0   0.00000000    
   236.750000               0   0.00000000    
   237.250000               0   0.00000000    
   237.750000               0   0.00000000    
   238.250000               0   0.00000000    
   238.750000               0   0.00000000    
   239.250000               0   0.00000000    
   239.750000               0   0.00000000    
   240.250000               0   0.00000000    
   240.750000               0   0.00000000    
   241.250000               0   0.00000000    
   241.750000               0   0.00000000    
   242.250000               0   0.00000000    
   242.750000               0   0.00000000    
   243.250000               0   0.00000000    
   243.750000               0   0.00000000    
   244.250000               0   0.00000000    
   244.750000               0   0.00000000    
   245.250000               0   0.00000000    
   245.750000               0   0.00000000    
   246.250000               0   0.00000000    
   246.750000               0   0.00000000    
   247.250000               0   0.00000000    
   247.750000               0   0.00000000    
   248.250000               0   0.00000000    
   248.750000               0   0.00000000    
   249.250000               0   0.00000000    
   249.750000               0   0.00000000    
