  -249.750000               0   0.00000000    
  -249.250000               0   0.00000000    
  -248.750000               0   0.00000000    
  -248.250000               1   9.99999975E-06
  -247.750000               0   0.00000000    
  -247.250000               0   0.00000000    
  -246.750000               0   0.00000000    
  -246.250000               0   0.00000000    
  -245.750000               0   0.00000000    
  -245.250000               0   0.00000000    
  -244.750000               0   0.00000000    
  -244.250000               0   0.00000000    
  -243.750000               0   0.00000000    
  -243.250000               0   0.00000000    
  -242.750000               0   0.00000000    
  -242.250000               0   0.00000000    
  -241.750000               0   0.00000000    
  -241.250000               0   0.00000000    
  -240.750000               0   0.00000000    
  -240.250000               0   0.00000000    
  -239.750000               0   0.00000000    
  -239.250000               0   0.00000000    
  -238.750000               0   0.00000000    
  -238.250000               0   0.00000000    
  -237.750000               0   0.00000000    
  -237.250000               0   0.00000000    
  -236.750000               0   0.00000000    
  -236.250000               0   0.00000000    
  -235.750000               1   9.99999975E-06
  -235.250000               0   0.00000000    
  -234.750000               0   0.00000000    
  -234.250000               0   0.00000000    
  -233.750000               0   0.00000000    
  -233.250000               0   0.00000000    
  -232.750000               0   0.00000000    
  -232.250000               0   0.00000000    
  -231.750000               0   0.00000000    
  -231.250000               0   0.00000000    
  -230.750000               0   0.00000000    
  -230.250000               0   0.00000000    
  -229.750000               0   0.00000000    
  -229.250000               2   1.99999995E-05
  -228.750000               0   0.00000000    
  -228.250000               0   0.00000000    
  -227.750000               0   0.00000000    
  -227.250000               0   0.00000000    
  -226.750000               1   9.99999975E-06
  -226.250000               0   0.00000000    
  -225.750000               0   0.00000000    
  -225.250000               0   0.00000000    
  -224.750000               0   0.00000000    
  -224.250000               0   0.00000000    
  -223.750000               0   0.00000000    
  -223.250000               0   0.00000000    
  -222.750000               0   0.00000000    
  -222.250000               0   0.00000000    
  -221.750000               0   0.00000000    
  -221.250000               1   9.99999975E-06
  -220.750000               0   0.00000000    
  -220.250000               0   0.00000000    
  -219.750000               0   0.00000000    
  -219.250000               0   0.00000000    
  -218.750000               0   0.00000000    
  -218.250000               0   0.00000000    
  -217.750000               1   9.99999975E-06
  -217.250000               0   0.00000000    
  -216.750000               0   0.00000000    
  -216.250000               0   0.00000000    
  -215.750000               1   9.99999975E-06
  -215.250000               3   2.99999992E-05
  -214.750000               1   9.99999975E-06
  -214.250000               2   1.99999995E-05
  -213.750000               0   0.00000000    
  -213.250000               0   0.00000000    
  -212.750000               0   0.00000000    
  -212.250000               1   9.99999975E-06
  -211.750000               0   0.00000000    
  -211.250000               1   9.99999975E-06
  -210.750000               1   9.99999975E-06
  -210.250000               0   0.00000000    
  -209.750000               1   9.99999975E-06
  -209.250000               0   0.00000000    
  -208.750000               3   2.99999992E-05
  -208.250000               0   0.00000000    
  -207.750000               0   0.00000000    
  -207.250000               1   9.99999975E-06
  -206.750000               0   0.00000000    
  -206.250000               1   9.99999975E-06
  -205.750000               0   0.00000000    
  -205.250000               1   9.99999975E-06
  -204.750000               0   0.00000000    
  -204.250000               0   0.00000000    
  -203.750000               0   0.00000000    
  -203.250000               3   2.99999992E-05
  -202.750000               1   9.99999975E-06
  -202.250000               0   0.00000000    
  -201.750000               0   0.00000000    
  -201.250000               3   2.99999992E-05
  -200.750000               0   0.00000000    
  -200.250000               1   9.99999975E-06
  -199.750000               1   9.99999975E-06
  -199.250000               0   0.00000000    
  -198.750000               0   0.00000000    
  -198.250000               0   0.00000000    
  -197.750000               1   9.99999975E-06
  -197.250000               2   1.99999995E-05
  -196.750000               0   0.00000000    
  -196.250000               0   0.00000000    
  -195.750000               1   9.99999975E-06
  -195.250000               3   2.99999992E-05
  -194.750000               2   1.99999995E-05
  -194.250000               1   9.99999975E-06
  -193.750000               1   9.99999975E-06
  -193.250000               3   2.99999992E-05
  -192.750000               0   0.00000000    
  -192.250000               1   9.99999975E-06
  -191.750000               0   0.00000000    
  -191.250000               1   9.99999975E-06
  -190.750000               2   1.99999995E-05
  -190.250000               2   1.99999995E-05
  -189.750000               1   9.99999975E-06
  -189.250000               0   0.00000000    
  -188.750000               1   9.99999975E-06
  -188.250000               2   1.99999995E-05
  -187.750000               4   3.99999990E-05
  -187.250000               2   1.99999995E-05
  -186.750000               0   0.00000000    
  -186.250000               3   2.99999992E-05
  -185.750000               1   9.99999975E-06
  -185.250000               0   0.00000000    
  -184.750000               1   9.99999975E-06
  -184.250000               2   1.99999995E-05
  -183.750000               3   2.99999992E-05
  -183.250000               3   2.99999992E-05
  -182.750000               1   9.99999975E-06
  -182.250000               3   2.99999992E-05
  -181.750000               4   3.99999990E-05
  -181.250000               3   2.99999992E-05
  -180.750000               1   9.99999975E-06
  -180.250000               0   0.00000000    
  -179.750000               2   1.99999995E-05
  -179.250000               3   2.99999992E-05
  -178.750000               3   2.99999992E-05
  -178.250000               6   5.99999985E-05
  -177.750000               0   0.00000000    
  -177.250000               1   9.99999975E-06
  -176.750000               6   5.99999985E-05
  -176.250000               4   3.99999990E-05
  -175.750000               8   7.99999980E-05
  -175.250000               4   3.99999990E-05
  -174.750000               6   5.99999985E-05
  -174.250000               5   4.99999987E-05
  -173.750000               5   4.99999987E-05
  -173.250000               6   5.99999985E-05
  -172.750000               3   2.99999992E-05
  -172.250000               5   4.99999987E-05
  -171.750000               4   3.99999990E-05
  -171.250000               8   7.99999980E-05
  -170.750000               5   4.99999987E-05
  -170.250000               7   7.00000019E-05
  -169.750000               4   3.99999990E-05
  -169.250000               4   3.99999990E-05
  -168.750000               7   7.00000019E-05
  -168.250000               4   3.99999990E-05
  -167.750000               5   4.99999987E-05
  -167.250000               6   5.99999985E-05
  -166.750000               6   5.99999985E-05
  -166.250000               6   5.99999985E-05
  -165.750000               4   3.99999990E-05
  -165.250000               5   4.99999987E-05
  -164.750000               4   3.99999990E-05
  -164.250000               5   4.99999987E-05
  -163.750000              10   9.99999975E-05
  -163.250000               6   5.99999985E-05
  -162.750000               5   4.99999987E-05
  -162.250000               8   7.99999980E-05
  -161.750000              10   9.99999975E-05
  -161.250000               8   7.99999980E-05
  -160.750000              13   1.30000000E-04
  -160.250000               5   4.99999987E-05
  -159.750000               8   7.99999980E-05
  -159.250000               6   5.99999985E-05
  -158.750000              10   9.99999975E-05
  -158.250000               9   9.00000014E-05
  -157.750000              12   1.19999997E-04
  -157.250000               9   9.00000014E-05
  -156.750000               8   7.99999980E-05
  -156.250000               5   4.99999987E-05
  -155.750000               8   7.99999980E-05
  -155.250000               3   2.99999992E-05
  -154.750000               9   9.00000014E-05
  -154.250000               7   7.00000019E-05
  -153.750000              13   1.30000000E-04
  -153.250000              12   1.19999997E-04
  -152.750000              11   1.10000001E-04
  -152.250000              12   1.19999997E-04
  -151.750000               8   7.99999980E-05
  -151.250000              11   1.10000001E-04
  -150.750000               8   7.99999980E-05
  -150.250000              12   1.19999997E-04
  -149.750000              13   1.30000000E-04
  -149.250000              12   1.19999997E-04
  -148.750000              18   1.80000003E-04
  -148.250000              11   1.10000001E-04
  -147.750000              14   1.40000004E-04
  -147.250000              19   1.90000006E-04
  -146.750000              12   1.19999997E-04
  -146.250000              13   1.30000000E-04
  -145.750000              14   1.40000004E-04
  -145.250000              17   1.69999999E-04
  -144.750000              19   1.90000006E-04
  -144.250000              12   1.19999997E-04
  -143.750000              21   2.09999998E-04
  -143.250000              13   1.30000000E-04
  -142.750000              15   1.50000007E-04
  -142.250000              10   9.99999975E-05
  -141.750000              15   1.50000007E-04
  -141.250000              17   1.69999999E-04
  -140.750000              22   2.20000002E-04
  -140.250000              25   2.50000012E-04
  -139.750000              20   1.99999995E-04
  -139.250000              19   1.90000006E-04
  -138.750000              18   1.80000003E-04
  -138.250000              20   1.99999995E-04
  -137.750000              17   1.69999999E-04
  -137.250000              11   1.10000001E-04
  -136.750000              15   1.50000007E-04
  -136.250000              20   1.99999995E-04
  -135.750000              20   1.99999995E-04
  -135.250000              17   1.69999999E-04
  -134.750000              21   2.09999998E-04
  -134.250000              19   1.90000006E-04
  -133.750000              21   2.09999998E-04
  -133.250000              20   1.99999995E-04
  -132.750000              21   2.09999998E-04
  -132.250000              21   2.09999998E-04
  -131.750000              32   3.19999992E-04
  -131.250000              22   2.20000002E-04
  -130.750000              24   2.39999994E-04
  -130.250000              35   3.49999988E-04
  -129.750000              32   3.19999992E-04
  -129.250000              36   3.60000005E-04
  -128.750000              30   3.00000014E-04
  -128.250000              34   3.39999999E-04
  -127.750000              39   3.90000001E-04
  -127.250000              29   2.89999996E-04
  -126.750000              31   3.10000003E-04
  -126.250000              35   3.49999988E-04
  -125.750000              36   3.60000005E-04
  -125.250000              28   2.80000007E-04
  -124.750000              36   3.60000005E-04
  -124.250000              32   3.19999992E-04
  -123.750000              38   3.80000012E-04
  -123.250000              34   3.39999999E-04
  -122.750000              40   3.99999990E-04
  -122.250000              25   2.50000012E-04
  -121.750000              36   3.60000005E-04
  -121.250000              41   4.10000008E-04
  -120.750000              33   3.30000010E-04
  -120.250000              31   3.10000003E-04
  -119.750000              45   4.49999992E-04
  -119.250000              31   3.10000003E-04
  -118.750000              47   4.69999999E-04
  -118.250000              39   3.90000001E-04
  -117.750000              31   3.10000003E-04
  -117.250000              57   5.69999975E-04
  -116.750000              56   5.60000015E-04
  -116.250000              54   5.39999979E-04
  -115.750000              50   5.00000024E-04
  -115.250000              42   4.19999997E-04
  -114.750000              39   3.90000001E-04
  -114.250000              45   4.49999992E-04
  -113.750000              59   5.90000011E-04
  -113.250000              61   6.09999988E-04
  -112.750000              41   4.10000008E-04
  -112.250000              50   5.00000024E-04
  -111.750000              56   5.60000015E-04
  -111.250000              60   6.00000028E-04
  -110.750000              60   6.00000028E-04
  -110.250000              56   5.60000015E-04
  -109.750000              69   6.90000015E-04
  -109.250000              52   5.20000001E-04
  -108.750000              61   6.09999988E-04
  -108.250000              48   4.79999988E-04
  -107.750000              55   5.49999997E-04
  -107.250000              76   7.60000024E-04
  -106.750000              73   7.30000029E-04
  -106.250000              63   6.30000024E-04
  -105.750000              65   6.50000002E-04
  -105.250000              74   7.39999989E-04
  -104.750000              75   7.50000007E-04
  -104.250000              70   6.99999975E-04
  -103.750000              71   7.09999993E-04
  -103.250000              72   7.20000011E-04
  -102.750000              77   7.69999984E-04
  -102.250000              68   6.79999997E-04
  -101.750000              68   6.79999997E-04
  -101.250000              70   6.99999975E-04
  -100.750000              79   7.90000020E-04
  -100.250000              85   8.50000011E-04
  -99.7500000              73   7.30000029E-04
  -99.2500000              74   7.39999989E-04
  -98.7500000              71   7.09999993E-04
  -98.2500000              83   8.29999975E-04
  -97.7500000              97   9.69999994E-04
  -97.2500000              88   8.80000007E-04
  -96.7500000             101   1.01000001E-03
  -96.2500000              75   7.50000007E-04
  -95.7500000              81   8.09999998E-04
  -95.2500000             101   1.01000001E-03
  -94.7500000              87   8.69999989E-04
  -94.2500000              97   9.69999994E-04
  -93.7500000              94   9.39999998E-04
  -93.2500000              86   8.59999971E-04
  -92.7500000             100   1.00000005E-03
  -92.2500000             107   1.07000000E-03
  -91.7500000              99   9.89999971E-04
  -91.2500000              87   8.69999989E-04
  -90.7500000              90   8.99999985E-04
  -90.2500000              91   9.10000002E-04
  -89.7500000             112   1.12000003E-03
  -89.2500000             116   1.15999999E-03
  -88.7500000              96   9.59999976E-04
  -88.2500000              92   9.20000020E-04
  -87.7500000             123   1.23000005E-03
  -87.2500000             126   1.26000005E-03
  -86.7500000             116   1.15999999E-03
  -86.2500000             116   1.15999999E-03
  -85.7500000             112   1.12000003E-03
  -85.2500000             141   1.41000003E-03
  -84.7500000             123   1.23000005E-03
  -84.2500000             141   1.41000003E-03
  -83.7500000             121   1.21000002E-03
  -83.2500000             114   1.13999995E-03
  -82.7500000             121   1.21000002E-03
  -82.2500000             123   1.23000005E-03
  -81.7500000             127   1.27000001E-03
  -81.2500000             137   1.36999995E-03
  -80.7500000             123   1.23000005E-03
  -80.2500000             157   1.56999996E-03
  -79.7500000             150   1.50000001E-03
  -79.2500000             137   1.36999995E-03
  -78.7500000             118   1.18000002E-03
  -78.2500000             137   1.36999995E-03
  -77.7500000             148   1.47999998E-03
  -77.2500000             144   1.44000002E-03
  -76.7500000             144   1.44000002E-03
  -76.2500000             165   1.64999999E-03
  -75.7500000             128   1.27999997E-03
  -75.2500000             159   1.59000000E-03
  -74.7500000             156   1.56000000E-03
  -74.2500000             150   1.50000001E-03
  -73.7500000             185   1.85000000E-03
  -73.2500000             150   1.50000001E-03
  -72.7500000             158   1.58000004E-03
  -72.2500000             165   1.64999999E-03
  -71.7500000             159   1.59000000E-03
  -71.2500000             165   1.64999999E-03
  -70.7500000             168   1.67999999E-03
  -70.2500000             157   1.56999996E-03
  -69.7500000             151   1.50999997E-03
  -69.2500000             174   1.73999998E-03
  -68.7500000             188   1.88000000E-03
  -68.2500000             185   1.85000000E-03
  -67.7500000             176   1.76000001E-03
  -67.2500000             171   1.70999998E-03
  -66.7500000             182   1.82000000E-03
  -66.2500000             180   1.79999997E-03
  -65.7500000             182   1.82000000E-03
  -65.2500000             175   1.75000005E-03
  -64.7500000             207   2.06999993E-03
  -64.2500000             175   1.75000005E-03
  -63.7500000             193   1.93000003E-03
  -63.2500000             189   1.88999996E-03
  -62.7500000             172   1.71999994E-03
  -62.2500000             157   1.56999996E-03
  -61.7500000             193   1.93000003E-03
  -61.2500000             207   2.06999993E-03
  -60.7500000             202   2.02000001E-03
  -60.2500000             189   1.88999996E-03
  -59.7500000             201   2.00999994E-03
  -59.2500000             193   1.93000003E-03
  -58.7500000             199   1.99000002E-03
  -58.2500000             217   2.16999999E-03
  -57.7500000             181   1.81000005E-03
  -57.2500000             205   2.05000001E-03
  -56.7500000             237   2.36999989E-03
  -56.2500000             230   2.30000005E-03
  -55.7500000             177   1.76999997E-03
  -55.2500000             249   2.49000010E-03
  -54.7500000             240   2.40000011E-03
  -54.2500000             242   2.42000003E-03
  -53.7500000             222   2.21999991E-03
  -53.2500000             226   2.25999998E-03
  -52.7500000             231   2.30999989E-03
  -52.2500000             238   2.37999996E-03
  -51.7500000             236   2.36000004E-03
  -51.2500000             210   2.09999993E-03
  -50.7500000             238   2.37999996E-03
  -50.2500000             227   2.27000006E-03
  -49.7500000             232   2.31999997E-03
  -49.2500000             226   2.25999998E-03
  -48.7500000             232   2.31999997E-03
  -48.2500000             237   2.36999989E-03
  -47.7500000             254   2.54000002E-03
  -47.2500000             260   2.60000001E-03
  -46.7500000             255   2.55000009E-03
  -46.2500000             247   2.46999995E-03
  -45.7500000             253   2.52999994E-03
  -45.2500000             263   2.63000000E-03
  -44.7500000             263   2.63000000E-03
  -44.2500000             244   2.43999995E-03
  -43.7500000             240   2.40000011E-03
  -43.2500000             263   2.63000000E-03
  -42.7500000             260   2.60000001E-03
  -42.2500000             271   2.70999991E-03
  -41.7500000             268   2.67999992E-03
  -41.2500000             257   2.57000001E-03
  -40.7500000             245   2.45000003E-03
  -40.2500000             266   2.66000000E-03
  -39.7500000             259   2.58999993E-03
  -39.2500000             268   2.67999992E-03
  -38.7500000             276   2.76000006E-03
  -38.2500000             278   2.77999998E-03
  -37.7500000             280   2.79999990E-03
  -37.2500000             258   2.58000009E-03
  -36.7500000             259   2.58999993E-03
  -36.2500000             284   2.83999997E-03
  -35.7500000             276   2.76000006E-03
  -35.2500000             298   2.98000011E-03
  -34.7500000             295   2.95000011E-03
  -34.2500000             319   3.19000008E-03
  -33.7500000             314   3.13999993E-03
  -33.2500000             288   2.88000004E-03
  -32.7500000             293   2.92999996E-03
  -32.2500000             310   3.10000009E-03
  -31.7500000             300   3.00000003E-03
  -31.2500000             309   3.09000001E-03
  -30.7500000             269   2.68999999E-03
  -30.2500000             313   3.13000008E-03
  -29.7500000             271   2.70999991E-03
  -29.2500000             316   3.16000008E-03
  -28.7500000             303   3.03000002E-03
  -28.2500000             280   2.79999990E-03
  -27.7500000             275   2.74999999E-03
  -27.2500000             305   3.04999994E-03
  -26.7500000             323   3.22999991E-03
  -26.2500000             319   3.19000008E-03
  -25.7500000             311   3.10999993E-03
  -25.2500000             296   2.95999995E-03
  -24.7500000             311   3.10999993E-03
  -24.2500000             321   3.21000000E-03
  -23.7500000             327   3.26999999E-03
  -23.2500000             298   2.98000011E-03
  -22.7500000             323   3.22999991E-03
  -22.2500000             339   3.38999997E-03
  -21.7500000             334   3.34000005E-03
  -21.2500000             336   3.35999997E-03
  -20.7500000             342   3.41999996E-03
  -20.2500000             318   3.18000000E-03
  -19.7500000             354   3.53999995E-03
  -19.2500000             325   3.25000007E-03
  -18.7500000             340   3.40000005E-03
  -18.2500000             369   3.68999992E-03
  -17.7500000             322   3.22000007E-03
  -17.2500000             320   3.19999992E-03
  -16.7500000             339   3.38999997E-03
  -16.2500000             347   3.47000011E-03
  -15.7500000             323   3.22999991E-03
  -15.2500000             319   3.19000008E-03
  -14.7500000             313   3.13000008E-03
  -14.2500000             342   3.41999996E-03
  -13.7500000             345   3.44999996E-03
  -13.2500000             329   3.28999991E-03
  -12.7500000             330   3.29999998E-03
  -12.2500000             293   2.92999996E-03
  -11.7500000             369   3.68999992E-03
  -11.2500000             296   2.95999995E-03
  -10.7500000             350   3.50000011E-03
  -10.2500000             341   3.40999989E-03
  -9.75000000             314   3.13999993E-03
  -9.25000000             348   3.47999996E-03
  -8.75000000             337   3.37000005E-03
  -8.25000000             329   3.28999991E-03
  -7.75000000             348   3.47999996E-03
  -7.25000000             393   3.93000012E-03
  -6.75000000             332   3.31999990E-03
  -6.25000000             362   3.62000009E-03
  -5.75000000             331   3.31000006E-03
  -5.25000000             302   3.01999995E-03
  -4.75000000             382   3.81999998E-03
  -4.25000000             343   3.43000004E-03
  -3.75000000             347   3.47000011E-03
  -3.25000000             365   3.65000009E-03
  -2.75000000             344   3.43999988E-03
  -2.25000000             365   3.65000009E-03
  -1.75000000             375   3.74999992E-03
  -1.25000000             332   3.31999990E-03
 -0.750000000             354   3.53999995E-03
 -0.250000000             337   3.37000005E-03
  0.250000000             338   3.37999989E-03
  0.750000000             353   3.53000010E-03
   1.25000000             347   3.47000011E-03
   1.75000000             353   3.53000010E-03
   2.25000000             329   3.28999991E-03
   2.75000000             351   3.50999995E-03
   3.25000000             344   3.43999988E-03
   3.75000000             338   3.37999989E-03
   4.25000000             348   3.47999996E-03
   4.75000000             349   3.49000003E-03
   5.25000000             342   3.41999996E-03
   5.75000000             329   3.28999991E-03
   6.25000000             370   3.70000000E-03
   6.75000000             323   3.22999991E-03
   7.25000000             324   3.23999999E-03
   7.75000000             355   3.55000002E-03
   8.25000000             367   3.67000001E-03
   8.75000000             297   2.97000003E-03
   9.25000000             330   3.29999998E-03
   9.75000000             333   3.32999998E-03
   10.2500000             304   3.04000010E-03
   10.7500000             327   3.26999999E-03
   11.2500000             332   3.31999990E-03
   11.7500000             366   3.65999993E-03
   12.2500000             336   3.35999997E-03
   12.7500000             312   3.12000001E-03
   13.2500000             304   3.04000010E-03
   13.7500000             352   3.52000003E-03
   14.2500000             349   3.49000003E-03
   14.7500000             318   3.18000000E-03
   15.2500000             323   3.22999991E-03
   15.7500000             362   3.62000009E-03
   16.2500000             356   3.56000010E-03
   16.7500000             314   3.13999993E-03
   17.2500000             366   3.65999993E-03
   17.7500000             304   3.04000010E-03
   18.2500000             333   3.32999998E-03
   18.7500000             305   3.04999994E-03
   19.2500000             319   3.19000008E-03
   19.7500000             346   3.46000004E-03
   20.2500000             328   3.28000006E-03
   20.7500000             308   3.07999994E-03
   21.2500000             350   3.50000011E-03
   21.7500000             311   3.10999993E-03
   22.2500000             320   3.19999992E-03
   22.7500000             316   3.16000008E-03
   23.2500000             331   3.31000006E-03
   23.7500000             314   3.13999993E-03
   24.2500000             319   3.19000008E-03
   24.7500000             312   3.12000001E-03
   25.2500000             335   3.34999990E-03
   25.7500000             314   3.13999993E-03
   26.2500000             335   3.34999990E-03
   26.7500000             311   3.10999993E-03
   27.2500000             282   2.82000005E-03
   27.7500000             314   3.13999993E-03
   28.2500000             282   2.82000005E-03
   28.7500000             293   2.92999996E-03
   29.2500000             285   2.85000005E-03
   29.7500000             295   2.95000011E-03
   30.2500000             316   3.16000008E-03
   30.7500000             287   2.86999997E-03
   31.2500000             307   3.07000009E-03
   31.7500000             311   3.10999993E-03
   32.2500000             300   3.00000003E-03
   32.7500000             298   2.98000011E-03
   33.2500000             304   3.04000010E-03
   33.7500000             282   2.82000005E-03
   34.2500000             297   2.97000003E-03
   34.7500000             303   3.03000002E-03
   35.2500000             292   2.92000012E-03
   35.7500000             293   2.92999996E-03
   36.2500000             286   2.85999989E-03
   36.7500000             275   2.74999999E-03
   37.2500000             291   2.91000004E-03
   37.7500000             292   2.92000012E-03
   38.2500000             265   2.64999992E-03
   38.7500000             285   2.85000005E-03
   39.2500000             259   2.58999993E-03
   39.7500000             276   2.76000006E-03
   40.2500000             237   2.36999989E-03
   40.7500000             272   2.71999999E-03
   41.2500000             247   2.46999995E-03
   41.7500000             275   2.74999999E-03
   42.2500000             268   2.67999992E-03
   42.7500000             270   2.70000007E-03
   43.2500000             258   2.58000009E-03
   43.7500000             260   2.60000001E-03
   44.2500000             269   2.68999999E-03
   44.7500000             244   2.43999995E-03
   45.2500000             240   2.40000011E-03
   45.7500000             239   2.39000004E-03
   46.2500000             255   2.55000009E-03
   46.7500000             213   2.12999992E-03
   47.2500000             262   2.61999993E-03
   47.7500000             255   2.55000009E-03
   48.2500000             253   2.52999994E-03
   48.7500000             228   2.27999990E-03
   49.2500000             229   2.28999997E-03
   49.7500000             259   2.58999993E-03
   50.2500000             206   2.06000009E-03
   50.7500000             197   1.97000010E-03
   51.2500000             211   2.11000000E-03
   51.7500000             237   2.36999989E-03
   52.2500000             268   2.67999992E-03
   52.7500000             239   2.39000004E-03
   53.2500000             233   2.33000005E-03
   53.7500000             222   2.21999991E-03
   54.2500000             203   2.03000009E-03
   54.7500000             242   2.42000003E-03
   55.2500000             220   2.19999999E-03
   55.7500000             263   2.63000000E-03
   56.2500000             231   2.30999989E-03
   56.7500000             222   2.21999991E-03
   57.2500000             227   2.27000006E-03
   57.7500000             211   2.11000000E-03
   58.2500000             199   1.99000002E-03
   58.7500000             200   2.00000009E-03
   59.2500000             210   2.09999993E-03
   59.7500000             198   1.97999994E-03
   60.2500000             196   1.96000002E-03
   60.7500000             210   2.09999993E-03
   61.2500000             186   1.85999996E-03
   61.7500000             196   1.96000002E-03
   62.2500000             179   1.79000001E-03
   62.7500000             185   1.85000000E-03
   63.2500000             188   1.88000000E-03
   63.7500000             166   1.65999995E-03
   64.2500000             177   1.76999997E-03
   64.7500000             206   2.06000009E-03
   65.2500000             181   1.81000005E-03
   65.7500000             186   1.85999996E-03
   66.2500000             168   1.67999999E-03
   66.7500000             173   1.73000002E-03
   67.2500000             168   1.67999999E-03
   67.7500000             181   1.81000005E-03
   68.2500000             167   1.67000003E-03
   68.7500000             172   1.71999994E-03
   69.2500000             175   1.75000005E-03
   69.7500000             167   1.67000003E-03
   70.2500000             158   1.58000004E-03
   70.7500000             165   1.64999999E-03
   71.2500000             174   1.73999998E-03
   71.7500000             159   1.59000000E-03
   72.2500000             148   1.47999998E-03
   72.7500000             153   1.53000001E-03
   73.2500000             144   1.44000002E-03
   73.7500000             156   1.56000000E-03
   74.2500000             149   1.49000005E-03
   74.7500000             156   1.56000000E-03
   75.2500000             169   1.68999995E-03
   75.7500000             127   1.27000001E-03
   76.2500000             148   1.47999998E-03
   76.7500000             150   1.50000001E-03
   77.2500000             140   1.39999995E-03
   77.7500000             136   1.35999999E-03
   78.2500000             168   1.67999999E-03
   78.7500000             131   1.30999996E-03
   79.2500000             139   1.38999999E-03
   79.7500000             130   1.30000000E-03
   80.2500000             134   1.33999996E-03
   80.7500000             127   1.27000001E-03
   81.2500000             129   1.29000004E-03
   81.7500000             114   1.13999995E-03
   82.2500000             131   1.30999996E-03
   82.7500000             116   1.15999999E-03
   83.2500000             136   1.35999999E-03
   83.7500000             139   1.38999999E-03
   84.2500000             126   1.26000005E-03
   84.7500000             132   1.32000004E-03
   85.2500000              90   8.99999985E-04
   85.7500000             118   1.18000002E-03
   86.2500000             125   1.24999997E-03
   86.7500000             120   1.20000006E-03
   87.2500000             101   1.01000001E-03
   87.7500000             102   1.01999997E-03
   88.2500000             124   1.24000001E-03
   88.7500000              99   9.89999971E-04
   89.2500000             104   1.04000000E-03
   89.7500000              90   8.99999985E-04
   90.2500000             107   1.07000000E-03
   90.7500000             109   1.09000003E-03
   91.2500000             103   1.03000004E-03
   91.7500000              87   8.69999989E-04
   92.2500000              94   9.39999998E-04
   92.7500000             112   1.12000003E-03
   93.2500000             100   1.00000005E-03
   93.7500000              89   8.90000025E-04
   94.2500000              84   8.39999993E-04
   94.7500000              79   7.90000020E-04
   95.2500000              91   9.10000002E-04
   95.7500000              88   8.80000007E-04
   96.2500000              93   9.29999980E-04
   96.7500000              77   7.69999984E-04
   97.2500000              82   8.20000016E-04
   97.7500000              80   7.99999980E-04
   98.2500000              77   7.69999984E-04
   98.7500000              89   8.90000025E-04
   99.2500000              92   9.20000020E-04
   99.7500000              76   7.60000024E-04
   100.250000              75   7.50000007E-04
   100.750000              66   6.60000020E-04
   101.250000              62   6.20000006E-04
   101.750000              65   6.50000002E-04
   102.250000              64   6.39999984E-04
   102.750000              71   7.09999993E-04
   103.250000              76   7.60000024E-04
   103.750000              72   7.20000011E-04
   104.250000              62   6.20000006E-04
   104.750000              66   6.60000020E-04
   105.250000              74   7.39999989E-04
   105.750000              66   6.60000020E-04
   106.250000              51   5.09999983E-04
   106.750000              57   5.69999975E-04
   107.250000              51   5.09999983E-04
   107.750000              59   5.90000011E-04
   108.250000              55   5.49999997E-04
   108.750000              68   6.79999997E-04
   109.250000              58   5.79999993E-04
   109.750000              55   5.49999997E-04
   110.250000              47   4.69999999E-04
   110.750000              49   4.90000006E-04
   111.250000              50   5.00000024E-04
   111.750000              53   5.30000019E-04
   112.250000              48   4.79999988E-04
   112.750000              49   4.90000006E-04
   113.250000              50   5.00000024E-04
   113.750000              55   5.49999997E-04
   114.250000              41   4.10000008E-04
   114.750000              54   5.39999979E-04
   115.250000              50   5.00000024E-04
   115.750000              45   4.49999992E-04
   116.250000              48   4.79999988E-04
   116.750000              43   4.29999985E-04
   117.250000              36   3.60000005E-04
   117.750000              40   3.99999990E-04
   118.250000              40   3.99999990E-04
   118.750000              41   4.10000008E-04
   119.250000              32   3.19999992E-04
   119.750000              49   4.90000006E-04
   120.250000              44   4.40000003E-04
   120.750000              36   3.60000005E-04
   121.250000              27   2.69999990E-04
   121.750000              39   3.90000001E-04
   122.250000              33   3.30000010E-04
   122.750000              27   2.69999990E-04
   123.250000              37   3.69999994E-04
   123.750000              37   3.69999994E-04
   124.250000              48   4.79999988E-04
   124.750000              24   2.39999994E-04
   125.250000              35   3.49999988E-04
   125.750000              30   3.00000014E-04
   126.250000              19   1.90000006E-04
   126.750000              30   3.00000014E-04
   127.250000              26   2.60000001E-04
   127.750000              27   2.69999990E-04
   128.250000              22   2.20000002E-04
   128.750000              24   2.39999994E-04
   129.250000              28   2.80000007E-04
   129.750000              23   2.30000005E-04
   130.250000              34   3.39999999E-04
   130.750000              27   2.69999990E-04
   131.250000              26   2.60000001E-04
   131.750000              16   1.59999996E-04
   132.250000              21   2.09999998E-04
   132.750000              27   2.69999990E-04
   133.250000              20   1.99999995E-04
   133.750000              25   2.50000012E-04
   134.250000              25   2.50000012E-04
   134.750000              33   3.30000010E-04
   135.250000              15   1.50000007E-04
   135.750000              25   2.50000012E-04
   136.250000              14   1.40000004E-04
   136.750000              19   1.90000006E-04
   137.250000              14   1.40000004E-04
   137.750000              21   2.09999998E-04
   138.250000              18   1.80000003E-04
   138.750000              18   1.80000003E-04
   139.250000              15   1.50000007E-04
   139.750000              21   2.09999998E-04
   140.250000              19   1.90000006E-04
   140.750000              19   1.90000006E-04
   141.250000              10   9.99999975E-05
   141.750000              15   1.50000007E-04
   142.250000              15   1.50000007E-04
   142.750000              18   1.80000003E-04
   143.250000              17   1.69999999E-04
   143.750000              16   1.59999996E-04
   144.250000              20   1.99999995E-04
   144.750000              25   2.50000012E-04
   145.250000              20   1.99999995E-04
   145.750000              16   1.59999996E-04
   146.250000              16   1.59999996E-04
   146.750000              13   1.30000000E-04
   147.250000               9   9.00000014E-05
   147.750000              18   1.80000003E-04
   148.250000              12   1.19999997E-04
   148.750000              14   1.40000004E-04
   149.250000               5   4.99999987E-05
   149.750000               8   7.99999980E-05
   150.250000               9   9.00000014E-05
   150.750000               7   7.00000019E-05
   151.250000               5   4.99999987E-05
   151.750000              11   1.10000001E-04
   152.250000               4   3.99999990E-05
   152.750000              15   1.50000007E-04
   153.250000              11   1.10000001E-04
   153.750000               9   9.00000014E-05
   154.250000              15   1.50000007E-04
   154.750000              15   1.50000007E-04
   155.250000              19   1.90000006E-04
   155.750000              16   1.59999996E-04
   156.250000               9   9.00000014E-05
   156.750000               7   7.00000019E-05
   157.250000               5   4.99999987E-05
   157.750000               8   7.99999980E-05
   158.250000              10   9.99999975E-05
   158.750000               9   9.00000014E-05
   159.250000              12   1.19999997E-04
   159.750000               8   7.99999980E-05
   160.250000               7   7.00000019E-05
   160.750000               6   5.99999985E-05
   161.250000               7   7.00000019E-05
   161.750000               7   7.00000019E-05
   162.250000               5   4.99999987E-05
   162.750000               9   9.00000014E-05
   163.250000               5   4.99999987E-05
   163.750000               7   7.00000019E-05
   164.250000               6   5.99999985E-05
   164.750000               6   5.99999985E-05
   165.250000               4   3.99999990E-05
   165.750000               7   7.00000019E-05
   166.250000               5   4.99999987E-05
   166.750000               4   3.99999990E-05
   167.250000               4   3.99999990E-05
   167.750000               5   4.99999987E-05
   168.250000               6   5.99999985E-05
   168.750000               9   9.00000014E-05
   169.250000               8   7.99999980E-05
   169.750000               8   7.99999980E-05
   170.250000               4   3.99999990E-05
   170.750000               5   4.99999987E-05
   171.250000               5   4.99999987E-05
   171.750000               5   4.99999987E-05
   172.250000               0   0.00000000    
   172.750000               4   3.99999990E-05
   173.250000               7   7.00000019E-05
   173.750000               3   2.99999992E-05
   174.250000               1   9.99999975E-06
   174.750000               1   9.99999975E-06
   175.250000               5   4.99999987E-05
   175.750000               5   4.99999987E-05
   176.250000               4   3.99999990E-05
   176.750000               6   5.99999985E-05
   177.250000               5   4.99999987E-05
   177.750000               1   9.99999975E-06
   178.250000               1   9.99999975E-06
   178.750000               3   2.99999992E-05
   179.250000               2   1.99999995E-05
   179.750000               2   1.99999995E-05
   180.250000               5   4.99999987E-05
   180.750000               2   1.99999995E-05
   181.250000               3   2.99999992E-05
   181.750000               2   1.99999995E-05
   182.250000               1   9.99999975E-06
   182.750000               2   1.99999995E-05
   183.250000               2   1.99999995E-05
   183.750000               0   0.00000000    
   184.250000               1   9.99999975E-06
   184.750000               2   1.99999995E-05
   185.250000               1   9.99999975E-06
   185.750000               2   1.99999995E-05
   186.250000               0   0.00000000    
   186.750000               2   1.99999995E-05
   187.250000               2   1.99999995E-05
   187.750000               2   1.99999995E-05
   188.250000               1   9.99999975E-06
   188.750000               1   9.99999975E-06
   189.250000               3   2.99999992E-05
   189.750000               1   9.99999975E-06
   190.250000               2   1.99999995E-05
   190.750000               2   1.99999995E-05
   191.250000               1   9.99999975E-06
   191.750000               1   9.99999975E-06
   192.250000               1   9.99999975E-06
   192.750000               1   9.99999975E-06
   193.250000               1   9.99999975E-06
   193.750000               1   9.99999975E-06
   194.250000               0   0.00000000    
   194.750000               0   0.00000000    
   195.250000               0   0.00000000    
   195.750000               2   1.99999995E-05
   196.250000               0   0.00000000    
   196.750000               0   0.00000000    
   197.250000               0   0.00000000    
   197.750000               1   9.99999975E-06
   198.250000               3   2.99999992E-05
   198.750000               0   0.00000000    
   199.250000               0   0.00000000    
   199.750000               1   9.99999975E-06
   200.250000               1   9.99999975E-06
   200.750000               2   1.99999995E-05
   201.250000               0   0.00000000    
   201.750000               0   0.00000000    
   202.250000               0   0.00000000    
   202.750000               1   9.99999975E-06
   203.250000               1   9.99999975E-06
   203.750000               0   0.00000000    
   204.250000               1   9.99999975E-06
   204.750000               0   0.00000000    
   205.250000               0   0.00000000    
   205.750000               1   9.99999975E-06
   206.250000               1   9.99999975E-06
   206.750000               0   0.00000000    
   207.250000               0   0.00000000    
   207.750000               2   1.99999995E-05
   208.250000               0   0.00000000    
   208.750000               0   0.00000000    
   209.250000               0   0.00000000    
   209.750000               0   0.00000000    
   210.250000               0   0.00000000    
   210.750000               0   0.00000000    
   211.250000               2   1.99999995E-05
   211.750000               1   9.99999975E-06
   212.250000               1   9.99999975E-06
   212.750000               1   9.99999975E-06
   213.250000               3   2.99999992E-05
   213.750000               0   0.00000000    
   214.250000               1   9.99999975E-06
   214.750000               1   9.99999975E-06
   215.250000               0   0.00000000    
   215.750000               1   9.99999975E-06
   216.250000               0   0.00000000    
   216.750000               0   0.00000000    
   217.250000               2   1.99999995E-05
   217.750000               0   0.00000000    
   218.250000               0   0.00000000    
   218.750000               0   0.00000000    
   219.250000               1   9.99999975E-06
   219.750000               0   0.00000000    
   220.250000               0   0.00000000    
   220.750000               0   0.00000000    
   221.250000               0   0.00000000    
   221.750000               0   0.00000000    
   222.250000               0   0.00000000    
   222.750000               1   9.99999975E-06
   223.250000               0   0.00000000    
   223.750000               0   0.00000000    
   224.250000               0   0.00000000    
   224.750000               0   0.00000000    
   225.250000               0   0.00000000    
   225.750000               1   9.99999975E-06
   226.250000               0   0.00000000    
   226.750000               0   0.00000000    
   227.250000               0   0.00000000    
   227.750000               0   0.00000000    
   228.250000               0   0.00000000    
   228.750000               0   0.00000000    
   229.250000               0   0.00000000    
   229.750000               0   0.00000000    
   230.250000               0   0.00000000    
   230.750000               0   0.00000000    
   231.250000               0   0.00000000    
   231.750000               0   0.00000000    
   232.250000               0   0.00000000    
   232.750000               1   9.99999975E-06
   233.250000               0   0.00000000    
   233.750000               0   0.00000000    
   234.250000               0   0.00000000    
   234.750000               0   0.00000000    
   235.250000               0   0.00000000    
   235.750000               0   0.00000000    
   236.250000               0   0.00000000    
   236.750000               1   9.99999975E-06
   237.250000               0   0.00000000    
   237.750000               0   0.00000000    
   238.250000               0   0.00000000    
   238.750000               0   0.00000000    
   239.250000               1   9.99999975E-06
   239.750000               0   0.00000000    
   240.250000               1   9.99999975E-06
   240.750000               0   0.00000000    
   241.250000               0   0.00000000    
   241.750000               0   0.00000000    
   242.250000               0   0.00000000    
   242.750000               0   0.00000000    
   243.250000               1   9.99999975E-06
   243.750000               0   0.00000000    
   244.250000               0   0.00000000    
   244.750000               0   0.00000000    
   245.250000               0   0.00000000    
   245.750000               0   0.00000000    
   246.250000               0   0.00000000    
   246.750000               0   0.00000000    
   247.250000               0   0.00000000    
   247.750000               0   0.00000000    
   248.250000               0   0.00000000    
   248.750000               0   0.00000000    
   249.250000               0   0.00000000    
   249.750000               0   0.00000000    
