   4801.00000               0   0.00000000    
   4803.00000               0   0.00000000    
   4805.00000               0   0.00000000    
   4807.00000               0   0.00000000    
   4809.00000               0   0.00000000    
   4811.00000               0   0.00000000    
   4813.00000               0   0.00000000    
   4815.00000               0   0.00000000    
   4817.00000               0   0.00000000    
   4819.00000               0   0.00000000    
   4821.00000               0   0.00000000    
   4823.00000               0   0.00000000    
   4825.00000               0   0.00000000    
   4827.00000               0   0.00000000    
   4829.00000               0   0.00000000    
   4831.00000               0   0.00000000    
   4833.00000               0   0.00000000    
   4835.00000               0   0.00000000    
   4837.00000               0   0.00000000    
   4839.00000               0   0.00000000    
   4841.00000               0   0.00000000    
   4843.00000               0   0.00000000    
   4845.00000               0   0.00000000    
   4847.00000               0   0.00000000    
   4849.00000               0   0.00000000    
   4851.00000               0   0.00000000    
   4853.00000               0   0.00000000    
   4855.00000               0   0.00000000    
   4857.00000               0   0.00000000    
   4859.00000               0   0.00000000    
   4861.00000               0   0.00000000    
   4863.00000               0   0.00000000    
   4865.00000               0   0.00000000    
   4867.00000               0   0.00000000    
   4869.00000               0   0.00000000    
   4871.00000               0   0.00000000    
   4873.00000               0   0.00000000    
   4875.00000               1   9.99999975E-05
   4877.00000               0   0.00000000    
   4879.00000               0   0.00000000    
   4881.00000               0   0.00000000    
   4883.00000               0   0.00000000    
   4885.00000               1   9.99999975E-05
   4887.00000               0   0.00000000    
   4889.00000               1   9.99999975E-05
   4891.00000               0   0.00000000    
   4893.00000               0   0.00000000    
   4895.00000               0   0.00000000    
   4897.00000               0   0.00000000    
   4899.00000               1   9.99999975E-05
   4901.00000               1   9.99999975E-05
   4903.00000               3   3.00000014E-04
   4905.00000               3   3.00000014E-04
   4907.00000               7   6.99999975E-04
   4909.00000               1   9.99999975E-05
   4911.00000               4   3.99999990E-04
   4913.00000               2   1.99999995E-04
   4915.00000               5   5.00000024E-04
   4917.00000               5   5.00000024E-04
   4919.00000               5   5.00000024E-04
   4921.00000               7   6.99999975E-04
   4923.00000               6   6.00000028E-04
   4925.00000              10   1.00000005E-03
   4927.00000              10   1.00000005E-03
   4929.00000               9   8.99999985E-04
   4931.00000              12   1.20000006E-03
   4933.00000              27   2.70000007E-03
   4935.00000              15   1.50000001E-03
   4937.00000              25   2.49999994E-03
   4939.00000              35   3.50000011E-03
   4941.00000              32   3.19999992E-03
   4943.00000              22   2.19999999E-03
   4945.00000              50   4.99999989E-03
   4947.00000              53   5.29999984E-03
   4949.00000              63   6.30000001E-03
   4951.00000              78   7.79999979E-03
   4953.00000              62   6.20000018E-03
   4955.00000              72   7.19999988E-03
   4957.00000             103   1.03000002E-02
   4959.00000              96   9.60000046E-03
   4961.00000             117   1.16999997E-02
   4963.00000             114   1.14000002E-02
   4965.00000             110   1.09999999E-02
   4967.00000             158   1.57999992E-02
   4969.00000             162   1.62000004E-02
   4971.00000             162   1.62000004E-02
   4973.00000             171   1.71000008E-02
   4975.00000             202   2.01999992E-02
   4977.00000             181   1.81000009E-02
   4979.00000             214   2.14000009E-02
   4981.00000             211   2.10999995E-02
   4983.00000             234   2.33999994E-02
   4985.00000             256   2.55999994E-02
   4987.00000             246   2.45999992E-02
   4989.00000             261   2.61000004E-02
   4991.00000             275   2.74999999E-02
   4993.00000             278   2.77999993E-02
   4995.00000             268   2.67999992E-02
   4997.00000             284   2.84000002E-02
   4999.00000             256   2.55999994E-02
   5001.00000             291   2.91000009E-02
   5003.00000             304   3.04000005E-02
   5005.00000             273   2.73000002E-02
   5007.00000             231   2.30999999E-02
   5009.00000             289   2.88999993E-02
   5011.00000             260   2.60000005E-02
   5013.00000             244   2.43999995E-02
   5015.00000             274   2.74000000E-02
   5017.00000             233   2.32999995E-02
   5019.00000             214   2.14000009E-02
   5021.00000             209   2.08999999E-02
   5023.00000             186   1.86000001E-02
   5025.00000             189   1.88999996E-02
   5027.00000             188   1.87999997E-02
   5029.00000             173   1.73000004E-02
   5031.00000             156   1.55999996E-02
   5033.00000             128   1.27999997E-02
   5035.00000             133   1.32999998E-02
   5037.00000             114   1.14000002E-02
   5039.00000             113   1.13000004E-02
   5041.00000             103   1.03000002E-02
   5043.00000              86   8.60000029E-03
   5045.00000              86   8.60000029E-03
   5047.00000              70   7.00000022E-03
   5049.00000              67   6.69999979E-03
   5051.00000              38   3.80000006E-03
   5053.00000              59   5.90000022E-03
   5055.00000              44   4.39999998E-03
   5057.00000              36   3.59999994E-03
   5059.00000              30   3.00000003E-03
   5061.00000              31   3.10000009E-03
   5063.00000              22   2.19999999E-03
   5065.00000              20   2.00000009E-03
   5067.00000              20   2.00000009E-03
   5069.00000              11   1.09999999E-03
   5071.00000              20   2.00000009E-03
   5073.00000               7   6.99999975E-04
   5075.00000              10   1.00000005E-03
   5077.00000              16   1.59999996E-03
   5079.00000               4   3.99999990E-04
   5081.00000               5   5.00000024E-04
   5083.00000               5   5.00000024E-04
   5085.00000               4   3.99999990E-04
   5087.00000               5   5.00000024E-04
   5089.00000               0   0.00000000    
   5091.00000               2   1.99999995E-04
   5093.00000               2   1.99999995E-04
   5095.00000               1   9.99999975E-05
   5097.00000               1   9.99999975E-05
   5099.00000               0   0.00000000    
   5101.00000               0   0.00000000    
   5103.00000               2   1.99999995E-04
   5105.00000               0   0.00000000    
   5107.00000               2   1.99999995E-04
   5109.00000               0   0.00000000    
   5111.00000               1   9.99999975E-05
   5113.00000               0   0.00000000    
   5115.00000               0   0.00000000    
   5117.00000               0   0.00000000    
   5119.00000               1   9.99999975E-05
   5121.00000               0   0.00000000    
   5123.00000               0   0.00000000    
   5125.00000               0   0.00000000    
   5127.00000               0   0.00000000    
   5129.00000               0   0.00000000    
   5131.00000               0   0.00000000    
   5133.00000               0   0.00000000    
   5135.00000               0   0.00000000    
   5137.00000               0   0.00000000    
   5139.00000               0   0.00000000    
   5141.00000               0   0.00000000    
   5143.00000               0   0.00000000    
   5145.00000               0   0.00000000    
   5147.00000               0   0.00000000    
   5149.00000               0   0.00000000    
   5151.00000               0   0.00000000    
   5153.00000               0   0.00000000    
   5155.00000               0   0.00000000    
   5157.00000               0   0.00000000    
   5159.00000               0   0.00000000    
   5161.00000               0   0.00000000    
   5163.00000               0   0.00000000    
   5165.00000               0   0.00000000    
   5167.00000               0   0.00000000    
   5169.00000               0   0.00000000    
   5171.00000               0   0.00000000    
   5173.00000               0   0.00000000    
   5175.00000               0   0.00000000    
   5177.00000               0   0.00000000    
   5179.00000               0   0.00000000    
   5181.00000               0   0.00000000    
   5183.00000               0   0.00000000    
   5185.00000               0   0.00000000    
   5187.00000               0   0.00000000    
   5189.00000               0   0.00000000    
   5191.00000               0   0.00000000    
   5193.00000               0   0.00000000    
   5195.00000               0   0.00000000    
   5197.00000               0   0.00000000    
   5199.00000               0   0.00000000    
