   1.0000000000000000E-003   1.0000002500000001E-003
   2.0000000000000000E-003   2.0000025000022504E-003
   3.0000000000000001E-003   3.0000087500247504E-003
   4.0000000000000001E-003   4.0000210001175009E-003
   5.0000000000000001E-003   5.0000412503785037E-003
   6.0000000000000001E-003   6.0000715009697631E-003
   7.0000000000000001E-003   7.0001137521332893E-003
   8.0000000000000002E-003   8.0001700042071026E-003
   9.0000000000000011E-003   9.0002422576412385E-003
   1.0000000000000000E-002   1.0000332513013755E-002
   1.0999999999999999E-002   1.1000442771046745E-002
   1.2000000000000000E-002   1.2000575032622343E-002
   1.3000000000000001E-002   1.3000731298798751E-002
   1.4000000000000000E-002   1.4000913570826241E-002
   1.4999999999999999E-002   1.5001123850163190E-002
   1.6000000000000000E-002   1.6001364138492097E-002
   1.7000000000000001E-002   1.7001636437735612E-002
   1.8000000000000002E-002   1.8001942750072577E-002
   1.9000000000000000E-002   1.9002285077954054E-002
   2.0000000000000000E-002   2.0002665424119367E-002
   2.1000000000000001E-002   2.1003085791612152E-002
   2.1999999999999999E-002   2.2003548183796410E-002
   2.3000000000000000E-002   2.3004054604372558E-002
   2.4000000000000000E-002   2.4004607057393504E-002
   2.5000000000000001E-002   2.5005207547280698E-002
   2.6000000000000002E-002   2.6005858078840222E-002
   2.7000000000000000E-002   2.7006560657278869E-002
   2.8000000000000001E-002   2.8007317288220222E-002
   2.9000000000000001E-002   2.9008129977720766E-002
   2.9999999999999999E-002   3.0009000732285979E-002
   3.1000000000000000E-002   3.1009931558886445E-002
   3.2000000000000001E-002   3.2010924464973972E-002
   3.3000000000000002E-002   3.3011981458497722E-002
   3.4000000000000002E-002   3.4013104547920343E-002
   3.5000000000000003E-002   3.5014295742234122E-002
   3.6000000000000004E-002   3.6015557050977122E-002
   3.6999999999999998E-002   3.7016890484249360E-002
   3.7999999999999999E-002   3.8018298052728959E-002
   3.9000000000000000E-002   3.9019781767688361E-002
   4.0000000000000001E-002   4.0021343641010489E-002
   4.1000000000000002E-002   4.1022985685204960E-002
   4.2000000000000003E-002   4.2024709913424309E-002
   4.3000000000000003E-002   4.3026518339480187E-002
   4.3999999999999997E-002   4.4028412977859629E-002
   4.4999999999999998E-002   4.5030395843741272E-002
   4.5999999999999999E-002   4.6032468953011635E-002
   4.7000000000000000E-002   4.7034634322281374E-002
   4.8000000000000001E-002   4.8036893968901567E-002
   4.9000000000000002E-002   4.9039249910980028E-002
   5.0000000000000003E-002   5.0041704167397581E-002
   5.1000000000000004E-002   5.1044258757824423E-002
   5.2000000000000005E-002   5.2046915702736424E-002
   5.2999999999999999E-002   5.3049677023431496E-002
   5.3999999999999999E-002   5.4052544742045947E-002
   5.5000000000000000E-002   5.5055520881570862E-002
   5.6000000000000001E-002   5.6058607465868500E-002
   5.7000000000000002E-002   5.7061806519688688E-002
   5.8000000000000003E-002   5.8065120068685257E-002
   5.9000000000000004E-002   5.9068550139432470E-002
   5.9999999999999998E-002   6.0072098759441472E-002
   6.0999999999999999E-002   6.1075767957176785E-002
   6.2000000000000000E-002   6.2079559762072752E-002
   6.3000000000000000E-002   6.3083476204550071E-002
   6.4000000000000001E-002   6.4087519316032321E-002
   6.5000000000000002E-002   6.5091691128962445E-002
   6.6000000000000003E-002   6.6095993676819384E-002
   6.7000000000000004E-002   6.7100428994134570E-002
   6.8000000000000005E-002   6.8104999116508566E-002
   6.9000000000000006E-002   6.9109706080627664E-002
   7.0000000000000007E-002   7.0114551924280497E-002
   7.1000000000000008E-002   7.1119538686374703E-002
   7.2000000000000008E-002   7.2124668406953571E-002
   7.2999999999999995E-002   7.3129943127212743E-002
   7.3999999999999996E-002   7.4135364889516900E-002
   7.4999999999999997E-002   7.5140935737416509E-002
   7.5999999999999998E-002   7.6146657715664548E-002
   7.6999999999999999E-002   7.7152532870233284E-002
   7.8000000000000000E-002   7.8158563248331037E-002
   7.9000000000000001E-002   7.9164750898419026E-002
   8.0000000000000002E-002   8.0171097870228150E-002
   8.1000000000000003E-002   8.1177606214775877E-002
   8.2000000000000003E-002   8.2184277984383103E-002
   8.3000000000000004E-002   8.3191115232691043E-002
   8.4000000000000005E-002   8.4198120014678177E-002
   8.5000000000000006E-002   8.5205294386677122E-002
   8.6000000000000007E-002   8.6212640406391691E-002
   8.7000000000000008E-002   8.7220160132913796E-002
   8.7999999999999995E-002   8.8227855626740528E-002
   8.8999999999999996E-002   8.9235728949791135E-002
   8.9999999999999997E-002   9.0243782165424127E-002
   9.0999999999999998E-002   9.1252017338454325E-002
   9.1999999999999998E-002   9.2260436535170021E-002
   9.2999999999999999E-002   9.3269041823350066E-002
   9.4000000000000000E-002   9.4277835272281049E-002
   9.5000000000000001E-002   9.5286818952774507E-002
   9.6000000000000002E-002   9.6295994937184090E-002
   9.7000000000000003E-002   9.7305365299422852E-002
   9.8000000000000004E-002   9.8314932114980491E-002
   9.9000000000000005E-002   9.9324697460940664E-002
  0.10000000000000001       0.10033466341599828     
  0.10100000000000001       0.10134483206047690     
  0.10200000000000001       0.10235520547634605     
  0.10300000000000001       0.10336578574723869     
  0.10400000000000001       0.10437657495846862     
  0.10500000000000000       0.10538757519704796     
  0.10600000000000000       0.10639878855170461     
  0.10700000000000000       0.10741021711289982     
  0.10800000000000000       0.10842186297284574     
  0.10900000000000000       0.10943372822552298     
  0.11000000000000000       0.11044581496669824     
  0.11100000000000000       0.11145812529394196     
  0.11200000000000000       0.11247066130664600     
  0.11300000000000000       0.11348342510604136     
  0.11400000000000000       0.11449641879521587     
  0.11500000000000000       0.11550964447913205     
  0.11600000000000001       0.11652310426464485     
  0.11700000000000001       0.11753680026051953     
  0.11800000000000001       0.11855073457744951     
  0.11900000000000001       0.11956490932807429     
  0.12000000000000000       0.12057932662699737     
  0.12100000000000000       0.12159398859080428     
  0.12200000000000000       0.12260889733808053     
  0.12300000000000000       0.12362405498942970     
  0.12400000000000000       0.12463946366749150     
  0.12500000000000000       0.12565512549695987     
  0.12600000000000000       0.12667104260460119     
  0.12700000000000000       0.12768721711927239     
  0.12800000000000000       0.12870365117193927     
  0.12900000000000000       0.12972034689569467     
  0.13000000000000000       0.13073730642577686     
  0.13100000000000001       0.13175453189958775     
  0.13200000000000001       0.13277202545671143     
  0.13300000000000001       0.13378978923893248     
  0.13400000000000001       0.13480782539025438     
  0.13500000000000001       0.13582613605691815     
  0.13600000000000001       0.13684472338742079     
  0.13700000000000001       0.13786358953253380     
  0.13800000000000001       0.13888273664532191     
  0.13900000000000001       0.13990216688116167     
  0.14000000000000001       0.14092188239776010     
  0.14100000000000001       0.14194188535517352     
  0.14200000000000002       0.14296217791582624     
  0.14300000000000002       0.14398276224452947     
  0.14400000000000002       0.14500364050850004     
  0.14499999999999999       0.14602481487737945     
  0.14599999999999999       0.14704628752325272     
  0.14699999999999999       0.14806806062066744     
  0.14799999999999999       0.14909013634665272     
  0.14899999999999999       0.15011251688073837     
  0.14999999999999999       0.15113520440497394     
  0.15100000000000000       0.15215820110394790     
  0.15200000000000000       0.15318150916480691     
  0.15300000000000000       0.15420513077727499     
  0.15400000000000000       0.15522906813367288     
  0.15500000000000000       0.15625332342893733     
  0.15600000000000000       0.15727789886064061     
  0.15700000000000000       0.15830279662900981     
  0.15800000000000000       0.15932801893694643     
  0.15900000000000000       0.16035356799004585     
  0.16000000000000000       0.16137944599661697     
  0.16100000000000000       0.16240565516770181     
  0.16200000000000001       0.16343219771709522     
  0.16300000000000001       0.16445907586136457     
  0.16400000000000001       0.16548629181986960     
  0.16500000000000001       0.16651384781478212     
  0.16600000000000001       0.16754174607110606     
  0.16700000000000001       0.16856998881669724     
  0.16800000000000001       0.16959857828228353     
  0.16900000000000001       0.17062751670148471     
  0.17000000000000001       0.17165680631083269     
  0.17100000000000001       0.17268644934979152     
  0.17200000000000001       0.17371644806077774     
  0.17300000000000001       0.17474680468918052     
  0.17400000000000002       0.17577752148338197     
  0.17500000000000002       0.17680860069477747     
  0.17599999999999999       0.17784004457779617     
  0.17699999999999999       0.17887185538992137     
  0.17799999999999999       0.17990403539171107     
  0.17899999999999999       0.18093658684681851     
  0.17999999999999999       0.18196951202201286     
  0.18099999999999999       0.18300281318719985     
  0.18200000000000000       0.18403649261544253     
  0.18300000000000000       0.18507055258298205     
  0.18400000000000000       0.18610499536925859     
  0.18500000000000000       0.18713982325693221     
  0.18600000000000000       0.18817503853190379     
  0.18700000000000000       0.18921064348333616     
  0.18800000000000000       0.19024664040367514     
  0.18900000000000000       0.19128303158867066     
  0.19000000000000000       0.19231981933739803     
  0.19100000000000000       0.19335700595227920     
  0.19200000000000000       0.19439459373910409     
  0.19300000000000000       0.19543258500705193     
  0.19400000000000001       0.19647098206871280     
  0.19500000000000001       0.19750978724010912     
  0.19600000000000001       0.19854900284071722     
  0.19700000000000001       0.19958863119348899     
  0.19800000000000001       0.20062867462487360     
  0.19900000000000001       0.20166913546483928     
  0.20000000000000001       0.20271001604689515     
  0.20100000000000001       0.20375131870811306     
  0.20200000000000001       0.20479304578914970     
  0.20300000000000001       0.20583519963426850     
  0.20400000000000001       0.20687778259136180     
  0.20500000000000002       0.20792079701197305     
  0.20600000000000002       0.20896424525131893     
  0.20700000000000002       0.21000812966831173     
  0.20800000000000002       0.21105245262558175     
  0.20899999999999999       0.21209721648949972     
  0.20999999999999999       0.21314242363019925     
  0.21099999999999999       0.21418807642159945     
  0.21199999999999999       0.21523417724142765     
  0.21299999999999999       0.21628072847124200     
  0.21400000000000000       0.21732773249645432     
  0.21500000000000000       0.21837519170635297     
  0.21600000000000000       0.21942310849412580     
  0.21700000000000000       0.22047148525688309     
  0.21800000000000000       0.22152032439568073     
  0.21900000000000000       0.22256962831554325     
  0.22000000000000000       0.22361939942548717     
  0.22100000000000000       0.22466964013854421     
  0.22200000000000000       0.22572035287178474     
  0.22300000000000000       0.22677154004634120     
  0.22400000000000000       0.22782320408743165     
  0.22500000000000001       0.22887534742438329     
  0.22600000000000001       0.22992797249065627     
  0.22700000000000001       0.23098108172386742     
  0.22800000000000001       0.23203467756581397     
  0.22900000000000001       0.23308876246249763     
  0.23000000000000001       0.23414333886414851     
  0.23100000000000001       0.23519840922524918     
  0.23200000000000001       0.23625397600455889     
  0.23300000000000001       0.23731004166513769     
  0.23400000000000001       0.23836660867437093     
  0.23500000000000001       0.23942367950399349     
  0.23600000000000002       0.24048125663011435     
  0.23700000000000002       0.24153934253324114     
  0.23800000000000002       0.24259793969830473     
  0.23900000000000002       0.24365705061468412     
  0.23999999999999999       0.24471667777623107     
  0.24099999999999999       0.24577682368129514     
  0.24199999999999999       0.24683749083274856     
  0.24299999999999999       0.24789868173801144     
  0.24399999999999999       0.24896039890907684     
  0.24500000000000000       0.25002264486253600     
  0.24600000000000000       0.25108542211960377     
  0.24700000000000000       0.25214873320614400     
  0.24800000000000000       0.25321258065269492     
  0.24900000000000000       0.25427696699449492     
  0.25000000000000000       0.25534189477150826     
  0.25100000000000000       0.25640736652845059     
  0.25200000000000000       0.25747338481481519     
  0.25300000000000000       0.25853995218489861     
  0.25400000000000000       0.25960707119782694     
  0.25500000000000000       0.26067474441758193     
  0.25600000000000001       0.26174297441302713     
  0.25700000000000001       0.26281176375793430     
  0.25800000000000001       0.26388111503100992     
  0.25900000000000001       0.26495103081592153     
  0.26000000000000001       0.26602151370132460     
  0.26100000000000001       0.26709256628088901     
  0.26200000000000001       0.26816419115332607     
  0.26300000000000001       0.26923639092241525     
  0.26400000000000001       0.27030916819703144     
  0.26500000000000001       0.27138252559117176     
  0.26600000000000001       0.27245646572398308     
  0.26700000000000002       0.27353099121978908     
  0.26800000000000002       0.27460610470811786     
  0.26900000000000002       0.27568180882372934     
  0.27000000000000002       0.27675810620664293     
  0.27100000000000002       0.27783499950216523     
  0.27200000000000002       0.27891249136091789     
  0.27300000000000002       0.27999058443886554     
  0.27400000000000002       0.28106928139734372     
  0.27500000000000002       0.28214858490308720     
  0.27600000000000002       0.28322849762825808     
  0.27700000000000002       0.28430902225047416     
  0.27800000000000002       0.28539016145283758     
  0.27900000000000003       0.28647191792396309     
  0.28000000000000003       0.28755429435800700     
  0.28100000000000003       0.28863729345469585     
  0.28200000000000003       0.28972091791935528     
  0.28300000000000003       0.29080517046293908     
  0.28400000000000003       0.29189005380205829     
  0.28500000000000003       0.29297557065901053     
  0.28600000000000003       0.29406172376180922     
  0.28700000000000003       0.29514851584421309     
  0.28800000000000003       0.29623594964575573     
  0.28899999999999998       0.29732402791177537     
  0.28999999999999998       0.29841275339344459     
  0.29099999999999998       0.29950212884780025     
  0.29199999999999998       0.30059215703777359     
  0.29299999999999998       0.30168284073222029     
  0.29399999999999998       0.30277418270595091     
  0.29499999999999998       0.30386618573976110     
  0.29599999999999999       0.30495885262046218     
  0.29699999999999999       0.30605218614091195     
  0.29799999999999999       0.30714618910004510     
  0.29899999999999999       0.30824086430290443     
  0.29999999999999999       0.30933621456067167     
  0.30099999999999999       0.31043224269069863     
  0.30199999999999999       0.31152895151653848     
  0.30299999999999999       0.31262634386797716     
  0.30399999999999999       0.31372442258106487     
  0.30499999999999999       0.31482319049814755     
  0.30599999999999999       0.31592265046789897     
  0.30700000000000000       0.31702280534535227     
  0.30800000000000000       0.31812365799193215     
  0.30900000000000000       0.31922521127548709     
  0.31000000000000000       0.32032746807032147     
  0.31100000000000000       0.32143043125722809     
  0.31200000000000000       0.32253410372352065     
  0.31300000000000000       0.32363848836306647     
  0.31400000000000000       0.32474358807631926     
  0.31500000000000000       0.32584940577035215     
  0.31600000000000000       0.32695594435889069     
  0.31700000000000000       0.32806320676234613     
  0.31800000000000000       0.32917119590784866     
  0.31900000000000001       0.33027991472928114     
  0.32000000000000001       0.33138936616731246     
  0.32100000000000001       0.33249955316943153     
  0.32200000000000001       0.33361047868998112     
  0.32300000000000001       0.33472214569019187     
  0.32400000000000001       0.33583455713821664     
  0.32500000000000001       0.33694771600916462     
  0.32600000000000001       0.33806162528513600     
  0.32700000000000001       0.33917628795525667     
  0.32800000000000001       0.34029170701571276     
  0.32900000000000001       0.34140788546978579     
  0.33000000000000002       0.34252482632788767     
  0.33100000000000002       0.34364253260759586     
  0.33200000000000002       0.34476100733368892     
  0.33300000000000002       0.34588025353818180     
  0.33400000000000002       0.34700027426036173     
  0.33500000000000002       0.34812107254682401     
  0.33600000000000002       0.34924265145150790     
  0.33700000000000002       0.35036501403573289     
  0.33800000000000002       0.35148816336823485     
  0.33900000000000002       0.35261210252520264     
  0.34000000000000002       0.35373683459031463     
  0.34100000000000003       0.35486236265477544     
  0.34200000000000003       0.35598868981735304     
  0.34300000000000003       0.35711581918441559     
  0.34400000000000003       0.35824375386996898     
  0.34500000000000003       0.35937249699569396     
  0.34600000000000003       0.36050205169098387     
  0.34700000000000003       0.36163242109298238     
  0.34800000000000003       0.36276360834662141     
  0.34900000000000003       0.36389561660465919     
  0.35000000000000003       0.36502844902771842     
  0.35100000000000003       0.36616210878432476     
  0.35199999999999998       0.36729659905094547     
  0.35299999999999998       0.36843192301202804     
  0.35399999999999998       0.36956808386003920     
  0.35499999999999998       0.37070508479550390     
  0.35599999999999998       0.37184292902704480     
  0.35699999999999998       0.37298161977142147     
  0.35799999999999998       0.37412116025357017     
  0.35899999999999999       0.37526155370664360     
  0.35999999999999999       0.37640280337205084     
  0.36099999999999999       0.37754491249949762     
  0.36199999999999999       0.37868788434702649     
  0.36299999999999999       0.37983172218105743     
  0.36399999999999999       0.38097642927642866     
  0.36499999999999999       0.38212200891643727     
  0.36599999999999999       0.38326846439288054     
  0.36699999999999999       0.38441579900609701     
  0.36799999999999999       0.38556401606500806     
  0.36899999999999999       0.38671311888715948     
  0.37000000000000000       0.38786311079876323     
  0.37100000000000000       0.38901399513473955     
  0.37200000000000000       0.39016577523875917     
  0.37300000000000000       0.39131845446328556     
  0.37400000000000000       0.39247203616961773     
  0.37500000000000000       0.39362652372793283     
  0.37600000000000000       0.39478192051732930     
  0.37700000000000000       0.39593822992586986     
  0.37800000000000000       0.39709545535062507     
  0.37900000000000000       0.39825360019771677     
  0.38000000000000000       0.39941266788236202     
  0.38100000000000001       0.40057266182891688     
  0.38200000000000001       0.40173358547092075     
  0.38300000000000001       0.40289544225114077     
  0.38400000000000001       0.40405823562161630     
  0.38500000000000001       0.40522196904370389     
  0.38600000000000001       0.40638664598812213     
  0.38700000000000001       0.40755226993499694     
  0.38800000000000001       0.40871884437390715     
  0.38900000000000001       0.40988637280392992     
  0.39000000000000001       0.41105485873368675     
  0.39100000000000001       0.41222430568138957     
  0.39200000000000002       0.41339471717488696     
  0.39300000000000002       0.41456609675171074     
  0.39400000000000002       0.41573844795912274     
  0.39500000000000002       0.41691177435416160     
  0.39600000000000002       0.41808607950369009     
  0.39700000000000002       0.41926136698444250     
  0.39800000000000002       0.42043764038307230     
  0.39900000000000002       0.42161490329619988     
  0.40000000000000002       0.42279315933046080     
  0.40100000000000002       0.42397241210255393     
  0.40200000000000002       0.42515266523929018     
  0.40300000000000002       0.42633392237764117     
  0.40400000000000003       0.42751618716478823     
  0.40500000000000003       0.42869946325817171     
  0.40600000000000003       0.42988375432554049     
  0.40700000000000003       0.43106906404500156     
  0.40800000000000003       0.43225539610507019     
  0.40900000000000003       0.43344275420472000     
  0.41000000000000003       0.43463114205343351     
  0.41100000000000003       0.43582056337125263     
  0.41200000000000003       0.43701102188882984     
  0.41300000000000003       0.43820252134747928     
  0.41400000000000003       0.43939506549922813     
  0.41500000000000004       0.44058865810686842     
  0.41600000000000004       0.44178330294400886     
  0.41699999999999998       0.44297900379512706     
  0.41799999999999998       0.44417576445562212     
  0.41899999999999998       0.44537358873186705     
  0.41999999999999998       0.44657248044126202     
  0.42099999999999999       0.44777244341228745     
  0.42199999999999999       0.44897348148455746     
  0.42299999999999999       0.45017559850887373     
  0.42399999999999999       0.45137879834727940     
  0.42499999999999999       0.45258308487311344     
  0.42599999999999999       0.45378846197106520     
  0.42699999999999999       0.45499493353722920     
  0.42799999999999999       0.45620250347916019     
  0.42899999999999999       0.45741117571592865     
  0.42999999999999999       0.45862095417817622     
  0.43099999999999999       0.45983184280817185     
  0.43200000000000000       0.46104384555986777     
  0.43300000000000000       0.46225696639895625     
  0.43400000000000000       0.46347120930292607     
  0.43500000000000000       0.46468657826111975     
  0.43600000000000000       0.46590307727479086     
  0.43700000000000000       0.46712071035716152     
  0.43800000000000000       0.46833948153348054     
  0.43900000000000000       0.46955939484108145     
  0.44000000000000000       0.47078045432944093     
  0.44100000000000000       0.47200266406023783     
  0.44200000000000000       0.47322602810741210     
  0.44300000000000000       0.47445055055722418     
  0.44400000000000001       0.47567623550831478     
  0.44500000000000001       0.47690308707176476     
  0.44600000000000001       0.47813110937115549     
  0.44700000000000001       0.47936030654262946     
  0.44800000000000001       0.48059068273495109     
  0.44900000000000001       0.48182224210956820     
  0.45000000000000001       0.48305498884067327     
  0.45100000000000001       0.48428892711526544     
  0.45200000000000001       0.48552406113321261     
  0.45300000000000001       0.48676039510731400     
  0.45400000000000001       0.48799793326336294     
  0.45500000000000002       0.48923667984020985     
  0.45600000000000002       0.49047663908982597     
  0.45700000000000002       0.49171781527736697     
  0.45800000000000002       0.49296021268123696     
  0.45900000000000002       0.49420383559315323     
  0.46000000000000002       0.49544868831821076     
  0.46100000000000002       0.49669477517494742     
  0.46200000000000002       0.49794210049540949     
  0.46300000000000002       0.49919066862521738     
  0.46400000000000002       0.50044048392363172     
  0.46500000000000002       0.50169155076361993     
  0.46600000000000003       0.50294387353192294     
  0.46700000000000003       0.50419745662912252     
  0.46800000000000003       0.50545230446970868     
  0.46900000000000003       0.50670842148214756     
  0.47000000000000003       0.50796581210894964     
  0.47100000000000003       0.50922448080673843     
  0.47200000000000003       0.51048443204631933     
  0.47300000000000003       0.51174567031274909     
  0.47400000000000003       0.51300820010540515     
  0.47500000000000003       0.51427202593805610     
  0.47600000000000003       0.51553715233893183     
  0.47700000000000004       0.51680358385079439     
  0.47800000000000004       0.51807132503100917     
  0.47900000000000004       0.51934038045161646     
  0.47999999999999998       0.52061075469940332     
  0.48099999999999998       0.52188245237597586     
  0.48199999999999998       0.52315547809783214     
  0.48299999999999998       0.52442983649643482     
  0.48399999999999999       0.52570553221828509     
  0.48499999999999999       0.52698256992499626     
  0.48599999999999999       0.52826095429336806     
  0.48699999999999999       0.52954069001546122     
  0.48799999999999999       0.53082178179867268     
  0.48899999999999999       0.53210423436581100     
  0.48999999999999999       0.53338805245517207     
  0.49099999999999999       0.53467324082061551     
  0.49199999999999999       0.53595980423164125     
  0.49299999999999999       0.53724774747346682     
  0.49399999999999999       0.53853707534710471     
  0.49500000000000000       0.53982779266944025     
  0.49600000000000000       0.54111990427330992     
  0.49700000000000000       0.54241341500758034     
  0.49800000000000000       0.54370832973722727     
  0.49900000000000000       0.54500465334341530     
  0.50000000000000000       0.54630239072357789     
  0.50100000000000000       0.54760154679149797     
  0.50200000000000000       0.54890212647738867     
  0.50300000000000000       0.55020413472797502     
  0.50400000000000000       0.55150757650657534     
  0.50500000000000000       0.55281245679318392     
  0.50600000000000001       0.55411878058455344     
  0.50700000000000001       0.55542655289427834     
  0.50800000000000001       0.55673577875287827     
  0.50900000000000001       0.55804646320788243     
  0.51000000000000001       0.55935861132391385     
  0.51100000000000001       0.56067222818277462     
  0.51200000000000001       0.56198731888353115     
  0.51300000000000001       0.56330388854260038     
  0.51400000000000001       0.56462194229383611     
  0.51500000000000001       0.56594148528861588     
  0.51600000000000001       0.56726252269592836     
  0.51700000000000002       0.56858505970246120     
  0.51800000000000002       0.56990910151268959     
  0.51900000000000002       0.57123465334896484     
  0.52000000000000002       0.57256172045160403     
  0.52100000000000002       0.57389030807897956     
  0.52200000000000002       0.57522042150760966     
  0.52300000000000002       0.57655206603224940     
  0.52400000000000002       0.57788524696598176     
  0.52500000000000002       0.57921996964030964     
  0.52600000000000002       0.58055623940524825     
  0.52700000000000002       0.58189406162941804     
  0.52800000000000002       0.58323344170013824     
  0.52900000000000003       0.58457438502352055     
  0.53000000000000003       0.58591689702456373     
  0.53100000000000003       0.58726098314724884     
  0.53200000000000003       0.58860664885463465     
  0.53300000000000003       0.58995389962895350     
  0.53400000000000003       0.59130274097170843     
  0.53500000000000003       0.59265317840376985     
  0.53600000000000003       0.59400521746547374     
  0.53700000000000003       0.59535886371671964     
  0.53800000000000003       0.59671412273706970     
  0.53900000000000003       0.59807100012584791     
  0.54000000000000004       0.59942950150224017     
  0.54100000000000004       0.60078963250539497     
  0.54200000000000004       0.60215139879452440     
  0.54300000000000004       0.60351480604900576     
  0.54400000000000004       0.60487985996848403     
  0.54500000000000004       0.60624656627297469     
  0.54600000000000004       0.60761493070296724     
  0.54700000000000004       0.60898495901952909     
  0.54800000000000004       0.61035665700441044     
  0.54900000000000004       0.61173003046014929     
  0.55000000000000004       0.61310508521017770     
  0.55100000000000005       0.61448182709892785     
  0.55200000000000005       0.61586026199193933     
  0.55300000000000005       0.61724039577596690     
  0.55400000000000005       0.61862223435908881     
  0.55500000000000005       0.62000578367081571     
  0.55600000000000005       0.62139104966220027     
  0.55700000000000005       0.62277803830594747     
  0.55800000000000005       0.62416675559652535     
  0.55900000000000005       0.62555720755027677     
  0.56000000000000005       0.62694940020553147     
  0.56100000000000005       0.62834333962271871     
  0.56200000000000006       0.62973903188448110     
  0.56300000000000006       0.63113648309578851     
  0.56400000000000006       0.63253569938405307     
  0.56500000000000006       0.63393668689924454     
  0.56600000000000006       0.63533945181400653     
  0.56700000000000006       0.63674400032377332     
  0.56800000000000006       0.63815033864688742     
  0.56900000000000006       0.63955847302471802     
  0.57000000000000006       0.64096840972177960     
  0.57100000000000006       0.64238015502585166     
  0.57200000000000006       0.64379371524809936     
  0.57300000000000006       0.64520909672319426     
  0.57400000000000007       0.64662630580943603     
  0.57500000000000007       0.64804534888887544     
  0.57600000000000007       0.64946623236743695     
  0.57699999999999996       0.65088896267504315     
  0.57799999999999996       0.65231354626573934     
  0.57899999999999996       0.65373998961781887     
  0.57999999999999996       0.65516829923394937     
  0.58099999999999996       0.65659848164129975     
  0.58199999999999996       0.65803054339166800     
  0.58299999999999996       0.65946449106160943     
  0.58399999999999996       0.66090033125256598     
  0.58499999999999996       0.66233807059099636     
  0.58599999999999997       0.66377771572850686     
  0.58699999999999997       0.66521927334198272     
  0.58799999999999997       0.66666275013372067     
  0.58899999999999997       0.66810815283156211     
  0.58999999999999997       0.66955548818902699     
  0.59099999999999997       0.67100476298544875     
  0.59199999999999997       0.67245598402610984     
  0.59299999999999997       0.67390915814237795     
  0.59399999999999997       0.67536429219184380     
  0.59499999999999997       0.67682139305845856     
  0.59599999999999997       0.67828046765267336     
  0.59699999999999998       0.67974152291157863     
  0.59799999999999998       0.68120456579904509     
  0.59899999999999998       0.68266960330586479     
  0.59999999999999998       0.68413664244989392     
  0.60099999999999998       0.68560569027619578     
  0.60199999999999998       0.68707675385718492     
  0.60299999999999998       0.68854984029277200     
  0.60399999999999998       0.69002495671050978     
  0.60499999999999998       0.69150211026574004     
  0.60599999999999998       0.69298130814174086     
  0.60699999999999998       0.69446255754987540     
  0.60799999999999998       0.69594586572974149     
  0.60899999999999999       0.69743123994932188     
  0.60999999999999999       0.69891868750513564     
  0.61099999999999999       0.70040821572239043     
  0.61199999999999999       0.70189983195513572     
  0.61299999999999999       0.70339354358641681     
  0.61399999999999999       0.70488935802843022     
  0.61499999999999999       0.70638728272267959     
  0.61599999999999999       0.70788732514013286     
  0.61699999999999999       0.70938949278138008     
  0.61799999999999999       0.71089379317679280     
  0.61899999999999999       0.71240023388668372     
  0.62000000000000000       0.71390882250146781     
  0.62100000000000000       0.71541956664182449     
  0.62200000000000000       0.71693247395886051     
  0.62300000000000000       0.71844755213427391     
  0.62400000000000000       0.71996480888051939     
  0.62500000000000000       0.72148425194097421     
  0.62600000000000000       0.72300588909010544     
  0.62700000000000000       0.72452972813363814     
  0.62800000000000000       0.72605577690872469     
  0.62900000000000000       0.72758404328411508     
  0.63000000000000000       0.72911453516032831     
  0.63100000000000001       0.73064726046982509     
  0.63200000000000001       0.73218222717718118     
  0.63300000000000001       0.73371944327926231     
  0.63400000000000001       0.73525891680539979     
  0.63500000000000001       0.73680065581756771     
  0.63600000000000001       0.73834466841056079     
  0.63700000000000001       0.73989096271217358     
  0.63800000000000001       0.74143954688338098     
  0.63900000000000001       0.74299042911851942     
  0.64000000000000001       0.74454361764546972     
  0.64100000000000001       0.74609912072584084     
  0.64200000000000002       0.74765694665515481     
  0.64300000000000002       0.74921710376303319     
  0.64400000000000002       0.75077960041338421     
  0.64500000000000002       0.75234444500459119     
  0.64600000000000002       0.75391164596970262     
  0.64700000000000002       0.75548121177662309     
  0.64800000000000002       0.75705315092830550     
  0.64900000000000002       0.75862747196294467     
  0.65000000000000002       0.76020418345417184     
  0.65100000000000002       0.76178329401125100     
  0.65200000000000002       0.76336481227927577     
  0.65300000000000002       0.76494874693936843     
  0.65400000000000003       0.76653510670887925     
  0.65500000000000003       0.76812390034158795     
  0.65600000000000003       0.76971513662790625     
  0.65700000000000003       0.77130882439508130     
  0.65800000000000003       0.77290497250740098     
  0.65900000000000003       0.77450358986640044     
  0.66000000000000003       0.77610468541106969     
  0.66100000000000003       0.77770826811806293     
  0.66200000000000003       0.77931434700190894     
  0.66300000000000003       0.78092293111522293     
  0.66400000000000003       0.78253402954892026     
  0.66500000000000004       0.78414765143243059     
  0.66600000000000004       0.78576380593391426     
  0.66700000000000004       0.78738250226047990     
  0.66800000000000004       0.78900374965840347     
  0.66900000000000004       0.79062755741334834     
  0.67000000000000004       0.79225393485058748     
  0.67100000000000004       0.79388289133522671     
  0.67200000000000004       0.79551443627242979     
  0.67300000000000004       0.79714857910764425     
  0.67400000000000004       0.79878532932682966     
  0.67500000000000004       0.80042469645668679     
  0.67600000000000005       0.80206669006488862     
  0.67700000000000005       0.80371131976031274     
  0.67800000000000005       0.80535859519327513     
  0.67900000000000005       0.80700852605576612     
  0.68000000000000005       0.80866112208168694     
  0.68100000000000005       0.81031639304708902     
  0.68200000000000005       0.81197434877041397     
  0.68300000000000005       0.81363499911273562     
  0.68400000000000005       0.81529835397800343     
  0.68500000000000005       0.81696442331328789     
  0.68600000000000005       0.81863321710902726     
  0.68700000000000006       0.82030474539927600     
  0.68800000000000006       0.82197901826195541     
  0.68900000000000006       0.82365604581910490     
  0.69000000000000006       0.82533583823713597     
  0.69100000000000006       0.82701840572708762     
  0.69200000000000006       0.82870375854488310     
  0.69300000000000006       0.83039190699158882     
  0.69400000000000006       0.83208286141367505     
  0.69500000000000006       0.83377663220327813     
  0.69600000000000006       0.83547322979846472     
  0.69700000000000006       0.83717266468349760     
  0.69800000000000006       0.83887494738910351     
  0.69900000000000007       0.84058008849274279     
  0.70000000000000007       0.84228809861888077     
  0.70100000000000007       0.84399898843926091     
  0.70200000000000007       0.84571276867318035     
  0.70300000000000007       0.84742945008776660     
  0.70399999999999996       0.84914904349825693     
  0.70499999999999996       0.85087155976827888     
  0.70599999999999996       0.85259700981013342     
  0.70699999999999996       0.85432540458507966     
  0.70799999999999996       0.85605675510362156     
  0.70899999999999996       0.85779107242579666     
  0.70999999999999996       0.85952836766146712     
  0.71099999999999997       0.86126865197061231     
  0.71199999999999997       0.86301193656362363     
  0.71299999999999997       0.86475823270160146     
  0.71399999999999997       0.86650755169665417     
  0.71499999999999997       0.86825990491219895     
  0.71599999999999997       0.87001530376326530     
  0.71699999999999997       0.87177375971680005     
  0.71799999999999997       0.87353528429197469     
  0.71899999999999997       0.87529988906049527     
  0.71999999999999997       0.87706758564691378     
  0.72099999999999997       0.87883838572894246     
  0.72199999999999998       0.88061230103776955     
  0.72299999999999998       0.88238934335837793     
  0.72399999999999998       0.88416952452986575     
  0.72499999999999998       0.88595285644576915     
  0.72599999999999998       0.88773935105438750     
  0.72699999999999998       0.88952902035911108     
  0.72799999999999998       0.89132187641875049     
  0.72899999999999998       0.89311793134786910     
  0.72999999999999998       0.89491719731711761     
  0.73099999999999998       0.89671968655357048     
  0.73199999999999998       0.89852541134106578     
  0.73299999999999998       0.90033438402054666     
  0.73399999999999999       0.90214661699040533     
  0.73499999999999999       0.90396212270682996     
  0.73599999999999999       0.90578091368415370     
  0.73699999999999999       0.90760300249520609     
  0.73799999999999999       0.90942840177166751     
  0.73899999999999999       0.91125712420442562     
  0.73999999999999999       0.91308918254393467     
  0.74099999999999999       0.91492458960057732     
  0.74199999999999999       0.91676335824502908     
  0.74299999999999999       0.91860550140862540     
  0.74399999999999999       0.92045103208373147     
  0.74500000000000000       0.92229996332411457     
  0.74600000000000000       0.92415230824531902     
  0.74700000000000000       0.92600808002504442     
  0.74800000000000000       0.92786729190352579     
  0.74900000000000000       0.92972995718391716     
  0.75000000000000000       0.93159608923267767     
  0.75100000000000000       0.93346570147996066     
  0.75200000000000000       0.93533880742000519     
  0.75300000000000000       0.93721542061153107     
  0.75400000000000000       0.93909555467813610     
  0.75500000000000000       0.94097922330869677     
  0.75600000000000001       0.94286644025777167     
  0.75700000000000001       0.94475721934600765     
  0.75800000000000001       0.94665157446054959     
  0.75900000000000001       0.94854951955545252     
  0.76000000000000001       0.95045106865209705     
  0.76100000000000001       0.95235623583960816     
  0.76200000000000001       0.95426503527527640     
  0.76300000000000001       0.95617748118498302     
  0.76400000000000001       0.95809358786362775     
  0.76500000000000001       0.96001336967555950     
  0.76600000000000001       0.96193684105501132     
  0.76700000000000002       0.96386401650653719     
  0.76800000000000002       0.96579491060545342     
  0.76900000000000002       0.96772953799828221     
  0.77000000000000002       0.96966791340319936     
  0.77100000000000002       0.97161005161048475     
  0.77200000000000002       0.97355596748297657     
  0.77300000000000002       0.97550567595652893     
  0.77400000000000002       0.97745919204047271     
  0.77500000000000002       0.97941653081807978     
  0.77600000000000002       0.98137770744703134     
  0.77700000000000002       0.98334273715988896     
  0.77800000000000002       0.98531163526456988     
  0.77900000000000003       0.98728441714482551     
  0.78000000000000003       0.98926109826072350     
  0.78100000000000003       0.99124169414913377     
  0.78200000000000003       0.99322622042421804     
  0.78300000000000003       0.99521469277792329     
  0.78400000000000003       0.99720712698047842     
  0.78500000000000003       0.99920353888089541     
  0.78600000000000003        1.0012039444074738     
  0.78700000000000003        1.0032083595683094     
  0.78800000000000003        1.0052168004518065     
  0.78900000000000003        1.0072292832271941     
  0.79000000000000004        1.0092458241450462     
  0.79100000000000004        1.0112664395378066     
  0.79200000000000004        1.0132911458203164     
  0.79300000000000004        1.0153199594903470     
  0.79400000000000004        1.0173528971291366     
  0.79500000000000004        1.0193899754019300     
  0.79600000000000004        1.0214312110585242     
  0.79700000000000004        1.0234766209338175     
  0.79800000000000004        1.0255262219483623     
  0.79900000000000004        1.0275800311089227     
  0.80000000000000004        1.0296380655090367     
  0.80100000000000005        1.0317003423295823     
  0.80200000000000005        1.0337668788393484     
  0.80300000000000005        1.0358376923956094     
  0.80400000000000005        1.0379128004447054     
  0.80500000000000005        1.0399922205226260     
  0.80600000000000005        1.0420759702555993     
  0.80700000000000005        1.0441640673606851     
  0.80800000000000005        1.0462565296463728     
  0.80900000000000005        1.0483533750131848     
  0.81000000000000005        1.0504546214542829     
  0.81100000000000005        1.0525602870560813     
  0.81200000000000006        1.0546703899988634     
  0.81300000000000006        1.0567849485574041     
  0.81400000000000006        1.0589039811015963     
  0.81500000000000006        1.0610275060970831     
  0.81600000000000006        1.0631555421058942     
  0.81700000000000006        1.0652881077870884     
  0.81800000000000006        1.0674252218974003     
  0.81900000000000006        1.0695669032918926     
  0.82000000000000006        1.0717131709246135     
  0.82100000000000006        1.0738640438492595     
  0.82200000000000006        1.0760195412198430     
  0.82300000000000006        1.0781796822913661     
  0.82400000000000007        1.0803444864204992     
  0.82500000000000007        1.0825139730662647     
  0.82600000000000007        1.0846881617907274     
  0.82700000000000007        1.0868670722596891     
  0.82800000000000007        1.0890507242433902     
  0.82900000000000007        1.0912391376172152     
  0.83000000000000007        1.0934323323624058     
  0.83100000000000007        1.0956303285667783     
  0.83200000000000007        1.0978331464254483     
  0.83299999999999996        1.1000408062415590     
  0.83399999999999996        1.1022533284270182     
  0.83499999999999996        1.1044707335032391     
  0.83599999999999997        1.1066930421018881     
  0.83699999999999997        1.1089202749656388     
  0.83799999999999997        1.1111524529489321     
  0.83899999999999997        1.1133895970187415     
  0.83999999999999997        1.1156317282553470     
  0.84099999999999997        1.1178788678531122     
  0.84199999999999997        1.1201310371212707     
  0.84299999999999997        1.1223882574847175     
  0.84399999999999997        1.1246505504848070     
  0.84499999999999997        1.1269179377801579     
  0.84599999999999997        1.1291904411474649     
  0.84699999999999998        1.1314680824823160     
  0.84799999999999998        1.1337508838000185     
  0.84899999999999998        1.1360388672364303     
  0.84999999999999998        1.1383320550487988     
  0.85099999999999998        1.1406304696166059     
  0.85199999999999998        1.1429341334424217     
  0.85299999999999998        1.1452430691527640     
  0.85399999999999998        1.1475572994989651     
  0.85499999999999998        1.1498768473580467     
  0.85599999999999998        1.1522017357336010     
  0.85699999999999998        1.1545319877566800     
  0.85799999999999998        1.1568676266866920     
  0.85899999999999999        1.1592086759123057     
  0.85999999999999999        1.1615551589523618     
  0.86099999999999999        1.1639070994567928     
  0.86199999999999999        1.1662645212075498     
  0.86299999999999999        1.1686274481195376     
  0.86399999999999999        1.1709959042415576     
  0.86499999999999999        1.1733699137572593     
  0.86599999999999999        1.1757495009860985     
  0.86699999999999999        1.1781346903843053     
  0.86799999999999999        1.1805255065458593     
  0.86899999999999999        1.1829219742034736     
  0.87000000000000000        1.1853241182295864     
  0.87100000000000000        1.1877319636373627     
  0.87200000000000000        1.1901455355817030     
  0.87300000000000000        1.1925648593602614     
  0.87400000000000000        1.1949899604144723     
  0.87500000000000000        1.1974208643305864     
  0.87600000000000000        1.1998575968407146     
  0.87700000000000000        1.2023001838238823     
  0.87800000000000000        1.2047486513070913     
  0.87900000000000000        1.2072030254663926     
  0.88000000000000000        1.2096633326279669     
  0.88100000000000001        1.2121295992692152     
  0.88200000000000001        1.2146018520198592     
  0.88300000000000001        1.2170801176630510     
  0.88400000000000001        1.2195644231364926     
  0.88500000000000001        1.2220547955335643     
  0.88600000000000001        1.2245512621044645     
  0.88700000000000001        1.2270538502573585     
  0.88800000000000001        1.2295625875595377     
  0.88900000000000001        1.2320775017385885     
  0.89000000000000001        1.2345986206835726     
  0.89100000000000001        1.2371259724462167     
  0.89200000000000002        1.2396595852421126     
  0.89300000000000002        1.2421994874519289     
  0.89400000000000002        1.2447457076226329     
  0.89500000000000002        1.2472982744687231     
  0.89600000000000002        1.2498572168734730     
  0.89700000000000002        1.2524225638901854     
  0.89800000000000002        1.2549943447434591     
  0.89900000000000002        1.2575725888304656     
  0.90000000000000002        1.2601573257222380     
  0.90100000000000002        1.2627485851649711     
  0.90200000000000002        1.2653463970813330     
  0.90300000000000002        1.2679507915717894     
  0.90400000000000003        1.2705617989159379     
  0.90500000000000003        1.2731794495738573     
  0.90600000000000003        1.2758037741874655     
  0.90700000000000003        1.2784348035818929     
  0.90800000000000003        1.2810725687668660     
  0.90900000000000003        1.2837171009381048     
  0.91000000000000003        1.2863684314787320     
  0.91100000000000003        1.2890265919606958     
  0.91200000000000003        1.2916916141462054     
  0.91300000000000003        1.2943635299891789     
  0.91400000000000003        1.2970423716367057     
  0.91500000000000004        1.2997281714305209     
  0.91600000000000004        1.3024209619084943     
  0.91700000000000004        1.3051207758061329     
  0.91800000000000004        1.3078276460580964     
  0.91900000000000004        1.3105416057997272     
  0.92000000000000004        1.3132626883685949     
  0.92100000000000004        1.3159909273060546     
  0.92200000000000004        1.3187263563588190     
  0.92300000000000004        1.3214690094805464     
  0.92400000000000004        1.3242189208334425     
  0.92500000000000004        1.3269761247898773     
  0.92600000000000005        1.3297406559340168     
  0.92700000000000005        1.3325125490634706     
  0.92800000000000005        1.3352918391909543     
  0.92900000000000005        1.3380785615459672     
  0.93000000000000005        1.3408727515764862     
  0.93100000000000005        1.3436744449506757     
  0.93200000000000005        1.3464836775586129     
  0.93300000000000005        1.3493004855140300     
  0.93400000000000005        1.3521249051560726     
  0.93500000000000005        1.3549569730510742     
  0.93600000000000005        1.3577967259943480     
  0.93700000000000006        1.3606442010119957     
  0.93800000000000006        1.3634994353627332     
  0.93900000000000006        1.3663624665397338     
  0.94000000000000006        1.3692333322724886     
  0.94100000000000006        1.3721120705286849     
  0.94200000000000006        1.3749987195161026     
  0.94300000000000006        1.3778933176845285     
  0.94400000000000006        1.3807959037276889     
  0.94500000000000006        1.3837065165852009     
  0.94600000000000006        1.3866251954445428     
  0.94700000000000006        1.3895519797430420     
  0.94800000000000006        1.3924869091698839     
  0.94900000000000007        1.3954300236681392     
  0.95000000000000007        1.3983813634368105     
  0.95100000000000007        1.4013409689328995     
  0.95200000000000007        1.4043088808734936     
  0.95300000000000007        1.4072851402378732     
  0.95400000000000007        1.4102697882696396     
  0.95500000000000007        1.4132628664788622     
  0.95600000000000007        1.4162644166442495     
  0.95700000000000007        1.4192744808153381     
  0.95800000000000007        1.4222931013147053     
  0.95900000000000007        1.4253203207402028     
  0.95999999999999996        1.4283561819672117     
  0.96099999999999997        1.4314007281509209     
  0.96199999999999997        1.4344540027286270     
  0.96299999999999997        1.4375160494220569     
  0.96399999999999997        1.4405869122397144     
  0.96499999999999997        1.4436666354792480     
  0.96599999999999997        1.4467552637298451     
  0.96699999999999997        1.4498528418746470     
  0.96799999999999997        1.4529594150931899     
  0.96899999999999997        1.4560750288638693     
  0.96999999999999997        1.4591997289664298     
  0.97099999999999997        1.4623335614844790     
  0.97199999999999998        1.4654765728080266     
  0.97299999999999998        1.4686288096360496     
  0.97399999999999998        1.4717903189790833     
  0.97499999999999998        1.4749611481618374     
  0.97599999999999998        1.4781413448258396     
  0.97699999999999998        1.4813309569321049     
  0.97799999999999998        1.4845300327638333     
  0.97899999999999998        1.4877386209291330     
  0.97999999999999998        1.4909567703637729     
  0.98099999999999998        1.4941845303339623     
  0.98199999999999998        1.4974219504391588     
  0.98299999999999998        1.5006690806149059     
  0.98399999999999999        1.5039259711356976     
  0.98499999999999999        1.5071926726178744     
  0.98599999999999999        1.5104692360225480     
  0.98699999999999999        1.5137557126585561     
  0.98799999999999999        1.5170521541854480     
  0.98899999999999999        1.5203586126165003     
  0.98999999999999999        1.5236751403217643     
  0.99099999999999999        1.5270017900311450     
  0.99199999999999999        1.5303386148375115     
  0.99299999999999999        1.5336856681998405     
  0.99399999999999999        1.5370430039463912     
  0.99500000000000000        1.5404106762779144     
  0.99600000000000000        1.5437887397708951     
  0.99700000000000000        1.5471772493808285     
  0.99800000000000000        1.5505762604455302     
  0.99900000000000000        1.5539858286884816     
   1.0000000000000000        1.5574060102222098     
   1.0010000000000001        1.5608368615517045     
   1.0020000000000000        1.5642784395778693     
   1.0030000000000001        1.5677308016010101     
   1.0040000000000000        1.5711940053243605     
   1.0050000000000001        1.5746681088576449     
   1.0060000000000000        1.5781531707206786     
   1.0070000000000001        1.5816492498470072     
   1.0080000000000000        1.5851564055875838     
   1.0090000000000001        1.5886746977144861     
   1.0100000000000000        1.5922041864246732     
   1.0110000000000001        1.5957449323437825     
   1.0120000000000000        1.5992969965299675     
   1.0130000000000001        1.6028604404777769     
   1.0140000000000000        1.6064353261220750     
   1.0150000000000001        1.6100217158420054     
   1.0160000000000000        1.6136196724649965     
   1.0170000000000001        1.6172292592708111     
   1.0180000000000000        1.6208505399956394     
   1.0190000000000001        1.6244835788362375     
   1.0200000000000000        1.6281284404541096     
   1.0210000000000001        1.6317851899797371     
   1.0220000000000000        1.6354538930168525     
   1.0230000000000001        1.6391346156467619     
   1.0240000000000000        1.6428274244327137     
   1.0249999999999999        1.6465323864243153     
   1.0260000000000000        1.6502495691619989     
   1.0269999999999999        1.6539790406815367     
   1.0280000000000000        1.6577208695186052     
   1.0289999999999999        1.6614751247134010     
   1.0300000000000000        1.6652418758153069     
   1.0309999999999999        1.6690211928876113     
   1.0320000000000000        1.6728131465122775     
   1.0329999999999999        1.6766178077947695     
   1.0340000000000000        1.6804352483689293     
   1.0349999999999999        1.6842655404019096     
   1.0360000000000000        1.6881087565991619     
   1.0369999999999999        1.6919649702094812     
   1.0380000000000000        1.6958342550301058     
   1.0389999999999999        1.6997166854118764     
   1.0400000000000000        1.7036123362644531     
   1.0409999999999999        1.7075212830615907     
   1.0420000000000000        1.7114436018464747     
   1.0429999999999999        1.7153793692371173     
   1.0440000000000000        1.7193286624318158     
   1.0449999999999999        1.7232915592146720     
   1.0460000000000000        1.7272681379611756     
   1.0469999999999999        1.7312584776438515     
   1.0480000000000000        1.7352626578379715     
   1.0489999999999999        1.7392807587273320     
   1.0500000000000000        1.7433128611100979     
   1.0509999999999999        1.7473590464047144     
   1.0520000000000000        1.7514193966558871     
   1.0529999999999999        1.7554939945406307     
   1.0540000000000000        1.7595829233743896     
   1.0549999999999999        1.7636862671172269     
   1.0560000000000000        1.7678041103800886     
   1.0569999999999999        1.7719365384311390     
   1.0580000000000001        1.7760836372021704     
   1.0589999999999999        1.7802454932950893     
   1.0600000000000001        1.7844221939884761     
   1.0609999999999999        1.7886138272442256     
   1.0620000000000001        1.7928204817142623     
   1.0629999999999999        1.7970422467473375     
   1.0640000000000001        1.8012792123959056     
   1.0649999999999999        1.8055314694230824     
   1.0660000000000001        1.8097991093096861     
   1.0669999999999999        1.8140822242613619     
   1.0680000000000001        1.8183809072157919     
   1.0690000000000000        1.8226952518499915     
   1.0700000000000001        1.8270253525876916     
   1.0710000000000000        1.8313713046068123     
   1.0720000000000001        1.8357332038470233     
   1.0730000000000000        1.8401111470173976     
   1.0740000000000001        1.8445052316041575     
   1.0750000000000000        1.8489155558785122     
   1.0760000000000001        1.8533422189045938     
   1.0770000000000000        1.8577853205474870     
   1.0780000000000001        1.8622449614813577     
   1.0790000000000000        1.8667212431976801     
   1.0800000000000001        1.8712142680135657     
   1.0810000000000000        1.8757241390801931     
   1.0820000000000001        1.8802509603913411     
   1.0830000000000000        1.8847948367920280     
   1.0840000000000001        1.8893558739872565     
   1.0850000000000000        1.8939341785508661     
   1.0860000000000001        1.8985298579344969     
   1.0870000000000000        1.9031430204766622     
   1.0880000000000001        1.9077737754119355     
   1.0890000000000000        1.9124222328802518     
   1.0900000000000001        1.9170885039363237     
   1.0910000000000000        1.9217727005591769     
   1.0920000000000001        1.9264749356618041     
   1.0930000000000000        1.9311953231009400     
   1.0940000000000001        1.9359339776869604     
   1.0950000000000000        1.9406910151939054     
   1.0960000000000001        1.9454665523696288     
   1.0970000000000000        1.9502607069460769     
   1.0980000000000001        1.9550735976496973     
   1.0990000000000000        1.9599053442119800     
   1.1000000000000001        1.9647560673801330     
   1.1010000000000000        1.9696258889278944     
   1.1020000000000001        1.9745149316664823     
   1.1030000000000000        1.9794233194556858     
   1.1040000000000001        1.9843511772150981     
   1.1050000000000000        1.9892986309354945     
   1.1060000000000001        1.9942658076903570     
   1.1070000000000000        1.9992528356475485     
   1.1080000000000001        2.0042598440811377     
   1.1090000000000000        2.0092869633833783     
   1.1100000000000001        2.0143343250768435     
   1.1110000000000000        2.0194020618267197     
   1.1120000000000001        2.0244903074532594     
   1.1130000000000000        2.0295991969443992     
   1.1140000000000001        2.0347288664685426     
   1.1150000000000000        2.0398794533875106     
   1.1160000000000001        2.0450510962696646     
   1.1170000000000000        2.0502439349032007     
   1.1180000000000001        2.0554581103096217     
   1.1190000000000000        2.0606937647573882     
   1.1200000000000001        2.0659510417757505     
   1.1210000000000000        2.0712300861687649     
   1.1220000000000001        2.0765310440294980     
   1.1230000000000000        2.0818540627544211     
   1.1240000000000001        2.0871992910579982     
   1.1250000000000000        2.0925668789874692     
   1.1260000000000001        2.0979569779378346     
   1.1270000000000000        2.1033697406670400     
   1.1280000000000001        2.1088053213113684     
   1.1290000000000000        2.1142638754010421     
   1.1300000000000001        2.1197455598760340     
   1.1310000000000000        2.1252505331020970     
   1.1320000000000001        2.1307789548870133     
   1.1330000000000000        2.1363309864970632     
   1.1340000000000001        2.1419067906737230     
   1.1350000000000000        2.1475065316505915     
   1.1360000000000001        2.1531303751705502     
   1.1370000000000000        2.1587784885031613     
   1.1380000000000001        2.1644510404623070     
   1.1390000000000000        2.1701482014240723     
   1.1400000000000001        2.1758701433448788     
   1.1410000000000000        2.1816170397798706     
   1.1420000000000001        2.1873890659015576     
   1.1430000000000000        2.1931863985187201     
   1.1440000000000001        2.1990092160955808     
   1.1450000000000000        2.2048576987712436     
   1.1460000000000001        2.2107320283794110     
   1.1470000000000000        2.2166323884683763     
   1.1480000000000001        2.2225589643213031     
   1.1490000000000000        2.2285119429767919     
   1.1500000000000001        2.2344915132497403     
   1.1510000000000000        2.2404978657524994     
   1.1520000000000001        2.2465311929163363     
   1.1530000000000000        2.2525916890132032     
   1.1539999999999999        2.2586795501778196     
   1.1550000000000000        2.2647949744300742     
   1.1559999999999999        2.2709381616977491     
   1.1570000000000000        2.2771093138395759     
   1.1579999999999999        2.2833086346686251     
   1.1590000000000000        2.2895363299760358     
   1.1599999999999999        2.2957926075550947     
   1.1610000000000000        2.3020776772256650     
   1.1619999999999999        2.3083917508589744     
   1.1630000000000000        2.3147350424027682     
   1.1639999999999999        2.3211077679068342     
   1.1650000000000000        2.3275101455489025     
   1.1659999999999999        2.3339423956609329     
   1.1670000000000000        2.3404047407557886     
   1.1679999999999999        2.3468974055543104     
   1.1690000000000000        2.3534206170127940     
   1.1699999999999999        2.3599746043508789     
   1.1710000000000000        2.3665595990798556     
   1.1719999999999999        2.3731758350313981     
   1.1730000000000000        2.3798235483867316     
   1.1739999999999999        2.3865029777062392     
   1.1750000000000000        2.3932143639595185     
   1.1759999999999999        2.3999579505558941     
   1.1770000000000000        2.4067339833753971     
   1.1779999999999999        2.4135427108002148     
   1.1790000000000000        2.4203843837466241     
   1.1799999999999999        2.4272592556974146     
   1.1810000000000000        2.4341675827348102     
   1.1819999999999999        2.4411096235738996     
   1.1830000000000001        2.4480856395965840     
   1.1839999999999999        2.4550958948860502     
   1.1850000000000001        2.4621406562617811     
   1.1859999999999999        2.4692201933151123     
   1.1870000000000001        2.4763347784453424     
   1.1879999999999999        2.4834846868964116     
   1.1890000000000001        2.4906701967941558     
   1.1899999999999999        2.4978915891841482     
   1.1910000000000001        2.5051491480701364     
   1.1919999999999999        2.5124431604530924     
   1.1930000000000001        2.5197739163708781     
   1.1940000000000000        2.5271417089385473     
   1.1950000000000001        2.5345468343892863     
   1.1960000000000000        2.5419895921160132     
   1.1970000000000001        2.5494702847136437     
   1.1980000000000000        2.5569892180220370     
   1.1990000000000001        2.5645467011696357     
   1.2000000000000000        2.5721430466178106     
   1.2010000000000001        2.5797785702059253     
   1.2020000000000000        2.5874535911971348     
   1.2030000000000001        2.5951684323249293     
   1.2040000000000000        2.6029234198404421     
   1.2050000000000001        2.6107188835605308     
   1.2060000000000000        2.6185551569166510     
   1.2070000000000001        2.6264325770045343     
   1.2080000000000000        2.6343514846346903     
   1.2090000000000001        2.6423122243837436     
   1.2100000000000000        2.6503151446466271     
   1.2110000000000001        2.6583605976896418     
   1.2120000000000000        2.6664489397044089     
   1.2130000000000001        2.6745805308627215     
   1.2140000000000000        2.6827557353723233     
   1.2150000000000001        2.6909749215336234     
   1.2160000000000000        2.6992384617973744     
   1.2170000000000001        2.7075467328233249     
   1.2180000000000000        2.7159001155398732     
   1.2190000000000001        2.7242989952047347     
   1.2200000000000000        2.7327437614666490     
   1.2210000000000001        2.7412348084281453     
   1.2220000000000000        2.7497725347093871     
   1.2230000000000001        2.7583573435131181     
   1.2240000000000000        2.7669896426907314     
   1.2250000000000001        2.7756698448094870     
   1.2260000000000000        2.7843983672208954     
   1.2270000000000001        2.7931756321302985     
   1.2280000000000000        2.8020020666676650     
   1.2290000000000001        2.8108781029596313     
   1.2300000000000000        2.8198041782028085     
   1.2310000000000001        2.8287807347383844     
   1.2320000000000000        2.8378082201280481     
   1.2330000000000001        2.8468870872312602     
   1.2340000000000000        2.8560177942839022     
   1.2350000000000001        2.8652008049783304     
   1.2360000000000000        2.8744365885448628     
   1.2370000000000001        2.8837256198347334     
   1.2380000000000000        2.8930683794045393     
   1.2390000000000001        2.9024653536022176     
   1.2400000000000000        2.9119170346545791     
   1.2410000000000001        2.9214239207564350     
   1.2420000000000000        2.9309865161613522     
   1.2430000000000001        2.9406053312740665     
   1.2440000000000000        2.9502808827445941     
   1.2450000000000001        2.9600136935640768     
   1.2460000000000000        2.9698042931623960     
   1.2470000000000001        2.9796532175075963     
   1.2480000000000000        2.9895610092071578     
   1.2490000000000001        2.9995282176111551     
   1.2500000000000000        3.0095553989173465     
   1.2510000000000001        3.0196431162782349     
   1.2520000000000000        3.0297919399101430     
   1.2530000000000001        3.0400024472043476     
   1.2540000000000000        3.0502752228403205     
   1.2550000000000001        3.0606108589011174     
   1.2560000000000000        3.0710099549909691     
   1.2570000000000001        3.0814731183551203     
   1.2580000000000000        3.0920009640019654     
   1.2590000000000001        3.1025941148275371     
   1.2600000000000000        3.1132532017423946     
   1.2610000000000001        3.1239788638009731     
   1.2620000000000000        3.1347717483334447     
   1.2630000000000001        3.1456325110801480     
   1.2640000000000000        3.1565618163286495     
   1.2650000000000001        3.1675603370534926     
   1.2660000000000000        3.1786287550586971     
   1.2670000000000001        3.1897677611230733     
   1.2680000000000000        3.2009780551484166     
   1.2690000000000001        3.2122603463106456     
   1.2700000000000000        3.2236153532139578     
   1.2710000000000001        3.2350438040480678     
   1.2720000000000000        3.2465464367486039     
   1.2730000000000001        3.2581239991607363     
   1.2740000000000000        3.2697772492061126     
   1.2750000000000001        3.2815069550531799     
   1.2760000000000000        3.2933138952909724     
   1.2770000000000001        3.3051988591064481     
   1.2780000000000000        3.3171626464654600     
   1.2790000000000001        3.3292060682974478     
   1.2800000000000000        3.3413299466839392     
   1.2809999999999999        3.3535351150509567     
   1.2820000000000000        3.3658224183654171     
   1.2829999999999999        3.3781927133356291     
   1.2840000000000000        3.3906468686159839     
   1.2849999999999999        3.4031857650159418     
   1.2860000000000000        3.4158102957134240     
   1.2869999999999999        3.4285213664727121     
   1.2880000000000000        3.4413198958669740     
   1.2889999999999999        3.4542068155055241     
   1.2900000000000000        3.4671830702659427     
   1.2909999999999999        3.4802496185311700     
   1.2920000000000000        3.4934074324317028     
   1.2929999999999999        3.5066574980930243     
   1.2940000000000000        3.5200008158883924     
   1.2949999999999999        3.5334384006971322     
   1.2960000000000000        3.5469712821685642     
   1.2969999999999999        3.5606005049917178     
   1.2980000000000000        3.5743271291709742     
   1.2989999999999999        3.5881522303077982     
   1.3000000000000000        3.6020768998887061     
   1.3009999999999999        3.6161022455796430     
   1.3020000000000000        3.6302293915269264     
   1.3029999999999999        3.6444594786649338     
   1.3040000000000000        3.6587936650307102     
   1.3049999999999999        3.6732331260856745     
   1.3060000000000000        3.6877790550446172     
   1.3069999999999999        3.7024326632121798     
   1.3080000000000001        3.7171951803270162     
   1.3089999999999999        3.7320678549138400     
   1.3100000000000001        3.7470519546435721     
   1.3109999999999999        3.7621487667018050     
   1.3120000000000001        3.7773595981658077     
   1.3129999999999999        3.7926857763903068     
   1.3140000000000001        3.8081286494022781     
   1.3149999999999999        3.8236895863050000     
   1.3160000000000001        3.8393699776916193     
   1.3169999999999999        3.8551712360684940     
   1.3180000000000001        3.8710947962885838     
   1.3190000000000000        3.8871421159951658     
   1.3200000000000001        3.9033146760761657     
   1.3210000000000000        3.9196139811293995     
   1.3220000000000001        3.9360415599390373     
   1.3230000000000000        3.9525989659635981     
   1.3240000000000001        3.9692877778358127     
   1.3250000000000000        3.9861095998746841     
   1.3260000000000001        4.0030660626100989     
   1.3270000000000000        4.0201588233203482     
   1.3280000000000001        4.0373895665829300     
   1.3290000000000000        4.0547600048390224     
   1.3300000000000001        4.0722718789720123     
   1.3310000000000000        4.0899269589005076     
   1.3320000000000001        4.1077270441862428     
   1.3330000000000000        4.1256739646573228     
   1.3340000000000001        4.1437695810472581     
   1.3350000000000000        4.1620157856502571     
   1.3360000000000001        4.1804145029932647     
   1.3370000000000000        4.1989676905252455     
   1.3380000000000001        4.2176773393242311     
   1.3390000000000000        4.2365454748226652     
   1.3400000000000001        4.2555741575516057     
   1.3410000000000000        4.2747654839043570     
   1.3420000000000001        4.2941215869201228     
   1.3430000000000000        4.3136446370883030     
   1.3440000000000001        4.3333368431740613     
   1.3450000000000000        4.3532004530658304     
   1.3460000000000001        4.3732377546454364     
   1.3470000000000000        4.3934510766815480     
   1.3480000000000001        4.4138427897471857     
   1.3490000000000000        4.4344153071620456     
   1.3500000000000001        4.4551710859604325     
   1.3510000000000000        4.4761126278856080     
   1.3520000000000001        4.4972424804114066     
   1.3530000000000000        4.5185632377919926     
   1.3540000000000001        4.5400775421406676     
   1.3550000000000000        4.5617880845386667     
   1.3560000000000001        4.5836976061749279     
   1.3570000000000000        4.6058088995178421     
   1.3580000000000001        4.6281248095200391     
   1.3590000000000000        4.6506482348573019     
   1.3600000000000001        4.6733821292027358     
   1.3610000000000000        4.6963295025373819     
   1.3620000000000001        4.7194934224984788     
   1.3630000000000000        4.7428770157666582     
   1.3640000000000001        4.7664834694933802     
   1.3650000000000000        4.7903160327699812     
   1.3660000000000001        4.8143780181397560     
   1.3670000000000000        4.8386728031545525     
   1.3680000000000001        4.8632038319774153     
   1.3690000000000000        4.8879746170328735     
   1.3700000000000001        4.9129887407065373     
   1.3710000000000000        4.9382498570957232     
   1.3720000000000001        4.9637616938129172     
   1.3730000000000000        4.9895280538439302     
   1.3740000000000001        5.0155528174627024     
   1.3750000000000000        5.0418399442047788     
   1.3760000000000001        5.0683934749015576     
   1.3770000000000000        5.0952175337775163     
   1.3780000000000001        5.1223163306126951     
   1.3790000000000000        5.1496941629728212     
   1.3800000000000001        5.1773554185095536     
   1.3810000000000000        5.2053045773334361     
   1.3820000000000001        5.2335462144622520     
   1.3830000000000000        5.2620850023475931     
   1.3840000000000001        5.2909257134825740     
   1.3850000000000000        5.3200732230937406     
   1.3860000000000001        5.3495325119203727     
   1.3870000000000000        5.3793086690845007     
   1.3880000000000001        5.4094068950551151     
   1.3890000000000000        5.4398325047101883     
   1.3900000000000001        5.4705909305003022     
   1.3910000000000000        5.5016877257178312     
   1.3920000000000001        5.5331285678758171     
   1.3930000000000000        5.5649192622008510     
   1.3940000000000001        5.5970657452444730     
   1.3950000000000000        5.6295740886178152     
   1.3960000000000001        5.6624505028544156     
   1.3970000000000000        5.6957013414063686     
   1.3980000000000001        5.7293331047792080     
   1.3990000000000000        5.7633524448111810     
   1.4000000000000001        5.7977661691028244     
   1.4010000000000000        5.8325812456030386     
   1.4020000000000001        5.8678048073581506     
   1.4030000000000000        5.9034441574307639     
   1.4040000000000001        5.9395067739955163     
   1.4050000000000000        5.9760003156192143     
   1.4060000000000001        6.0129326267331802     
   1.4070000000000000        6.0503117433060121     
   1.4079999999999999        6.0881458987253865     
   1.4090000000000000        6.1264435298979345     
   1.4099999999999999        6.1652132835766906     
   1.4110000000000000        6.2044640229260750     
   1.4119999999999999        6.2442048343348846     
   1.4130000000000000        6.2844450344882832     
   1.4139999999999999        6.3251941777103600     
   1.4150000000000000        6.3664620635894060     
   1.4159999999999999        6.4082587448986894     
   1.4170000000000000        6.4505945358261778     
   1.4179999999999999        6.4934800205273584     
   1.4190000000000000        6.5369260620160485     
   1.4199999999999999        6.5809438114088872     
   1.4210000000000000        6.6255447175400279     
   1.4219999999999999        6.6707405369634420     
   1.4230000000000000        6.7165433443611944     
   1.4239999999999999        6.7629655433770344     
   1.4250000000000000        6.8100198778957246     
   1.4259999999999999        6.8577194437896498     
   1.4270000000000000        6.9060777011554420     
   1.4279999999999999        6.9551084870646447     
   1.4290000000000000        7.0048260288537749     
   1.4299999999999999        7.0552449579806007     
   1.4310000000000000        7.1063803244749799     
   1.4319999999999999        7.1582476120142253     
   1.4330000000000001        7.2108627536547285     
   1.4339999999999999        7.2642421482534019     
   1.4350000000000001        7.3184026776144897     
   1.4359999999999999        7.3733617243994116     
   1.4370000000000001        7.4291371908395352     
   1.4379999999999999        7.4857475182942004     
   1.4390000000000001        7.5432117076988661     
   1.4399999999999999        7.6015493409510038     
   1.4410000000000001        7.6607806032842989     
   1.4419999999999999        7.7209263066848486     
   1.4430000000000001        7.7820079144064174     
   1.4440000000000000        7.8440475666454033     
   1.4450000000000001        7.9070681074400238     
   1.4460000000000000        7.9710931128623637     
   1.4470000000000001        8.0361469205763694     
   1.4480000000000000        8.1022546608396198     
   1.4490000000000001        8.1694422890318208     
   1.4500000000000000        8.2377366197984703     
   1.4510000000000001        8.3071653629040227     
   1.4520000000000000        8.3777571608952570     
   1.4530000000000001        8.4495416286823684     
   1.4540000000000000        8.5225493951526783     
   1.4550000000000001        8.5968121469397740     
   1.4560000000000000        8.6723626744794764     
   1.4570000000000001        8.7492349204932260     
   1.4580000000000000        8.8274640310494714     
   1.4590000000000001        8.9070864093644175     
   1.4600000000000000        8.9881397725151118     
   1.4610000000000001        9.0706632112504586     
   1.4620000000000000        9.1546972530994051     
   1.4630000000000001        9.2402839289902943     
   1.4640000000000000        9.3274668436114094     
   1.4650000000000001        9.4162912497601443     
   1.4660000000000000        9.5068041269470687     
   1.4670000000000001        9.5990542645417047     
   1.4680000000000000        9.6930923497691239     
   1.4690000000000001        9.7889710608907414     
   1.4700000000000000        9.8867451659291614     
   1.4710000000000001        9.9864716273257166     
   1.4720000000000000        10.088209712950816     
   1.4730000000000001        10.192021113921571     
   1.4740000000000000        10.297970069718673     
   1.4750000000000001        10.406123501135587     
   1.4760000000000000        10.516551151638062     
   1.4770000000000001        10.629325737761228     
   1.4780000000000000        10.744523109225586     
   1.4790000000000001        10.862222419512539     
   1.4800000000000000        10.982506307705306     
   1.4810000000000001        11.105461092472813     
   1.4820000000000000        11.231176979153162     
   1.4830000000000001        11.359748280980346     
   1.4840000000000000        11.491273655594053     
   1.4850000000000001        11.625856358078524     
   1.4860000000000000        11.763604511893950     
   1.4870000000000001        11.904631399193907     
   1.4880000000000000        12.049055772166509     
   1.4890000000000001        12.197002187197025     
   1.4900000000000000        12.348601363827486     
   1.4910000000000001        12.503990570686721     
   1.4920000000000000        12.663314040784693     
   1.4930000000000001        12.826723418810934     
   1.4940000000000000        12.994378243351582     
   1.4950000000000001        13.166446467246820     
   1.4960000000000000        13.343105019654748     
   1.4970000000000001        13.524540413773865     
   1.4980000000000000        13.710949404610160     
   1.4990000000000001        13.902539701663015     
   1.5000000000000000        14.099530741954164     
   1.5010000000000001        14.302154529444994     
   1.5020000000000000        14.510656547589528     
   1.5030000000000001        14.725296752565580     
   1.5040000000000000        14.946350655628731     
   1.5050000000000001        15.174110504059136     
   1.5060000000000000        15.408886571338687     
   1.5070000000000001        15.651008568528086     
   1.5080000000000000        15.900827190335969     
   1.5090000000000001        16.158715811116171     
   1.5100000000000000        16.425072348030888     
   1.5110000000000001        16.700321310919954     
   1.5120000000000000        16.984916061070539     
   1.5130000000000001        17.279341304148382     
   1.5140000000000000        17.584115846103252     
   1.5150000000000001        17.899795644984788     
   1.5160000000000000        18.226977196404064     
   1.5170000000000001        18.566301295976501     
   1.5180000000000000        18.918457228634665     
   1.5190000000000001        19.284187442388138     
   1.5200000000000000        19.664292773155392     
   1.5210000000000001        20.059638297971361     
   1.5220000000000000        20.471159906517585     
   1.5230000000000001        20.899871695939176     
   1.5240000000000000        21.346874311810158     
   1.5250000000000001        21.813364379512880     
   1.5260000000000000        22.300645195988359     
   1.5270000000000001        22.810138882767969     
   1.5280000000000000        23.343400238638228     
   1.5290000000000001        23.902132575765634     
   1.5300000000000000        24.488205878579233     
   1.5310000000000001        25.103677692676069     
   1.5320000000000000        25.750817234685929     
   1.5330000000000001        26.432133317543013     
   1.5340000000000000        27.150406814329227     
   1.5350000000000001        27.908728544783088     
   1.5360000000000000        28.710543670918167     
   1.5369999999999999        29.559703944153682     
   1.5380000000000000        30.460529472177388     
   1.5389999999999999        31.417882091272229     
   1.5400000000000000        32.437252968622907     
   1.5409999999999999        33.524867759594947     
   1.5420000000000000        34.687813562884052     
   1.5429999999999999        35.934193129377441     
   1.5440000000000000        37.273313397736871     
   1.5449999999999999        38.715917606408119     
   1.5460000000000000        40.274473191480638     
   1.5469999999999999        41.963531748250404     
   1.5480000000000000        43.800182992479549     
   1.5489999999999999        45.804632625884857     
   1.5500000000000000        48.000945386010059     
