   1.0000000000000000E-002   1.0000333345833907E-002   48.068482145873233       0.99979199981301081     
   2.0000000000000000E-002   2.0002667091736714E-002   48.058479812127331       0.99958395801904976     
   2.9999999999999999E-002   3.0009003238684655E-002   48.048473475980387       0.99937583297784716     
   4.0000000000000001E-002   4.0021346992191377E-002   48.038461132226878       0.99916758298248098     
   5.0000000000000003E-002   5.0041708371392886E-002   48.028440770847673       0.99895916622590941     
   5.9999999999999998E-002   6.0072103826334260E-002   48.018410375392733       0.99875054076733183     
   7.0000000000000007E-002   7.0114557866229360E-002   48.008367921352843       0.99854166449832249     
   8.0000000000000002E-002   8.0171104701496895E-002   47.998311374517570       0.99833249510867672     
   8.9999999999999997E-002   9.0243789902416743E-002   47.988238689316653       0.99812299005191307     
  0.10000000000000001       0.10033467207729931        47.978147807141767       0.99791310651036724     
  0.11000000000000000       0.11044582457311852        47.968036654645950       0.99770280135982126     
  0.12000000000000000       0.12057933720162571        47.957903142017443       0.99749203113360030     
  0.13000000000000000       0.13073731799403729        47.947745161225029       0.99728075198607713     
  0.14000000000000001       0.14092189498747532        47.937560584231591       0.99706891965551558     
  0.14999999999999999       0.15113521804643498        47.927347261172635       0.99685648942618443     
  0.16000000000000000       0.16137946072265955        47.917103018496412       0.99664341608967355     
  0.17000000000000001       0.17165682215692024        47.906825657062150       0.99642965390533877     
  0.17999999999999999       0.18196952902632677        47.896512950192744       0.99621515655979831     
  0.19000000000000000       0.19231983754093535        47.886162641678133       0.99599987712540505     
  0.20000000000000001       0.20271003549357416        47.875772443725495       0.99578376801761181     
  0.20999999999999999       0.21314244436697316        47.865340034852096       0.99556678095114381     
  0.22000000000000000       0.22361942150246658        47.854863057716599       0.99534886689489166     
  0.23000000000000001       0.23414336233473299        47.844339116884335       0.99512997602543019     
  0.23999999999999999       0.24471670269725038        47.833765776521815       0.99491005767906615     
  0.25000000000000000       0.25534192120337385        47.823140558015695       0.99468906030231419     
  0.26000000000000001       0.26602154170819170        47.812460937510878       0.99446693140069109     
  0.27000000000000002       0.27675813585658443        47.801724343362487       0.99424361748571821     
  0.28000000000000003       0.28755432572319933        47.790928153495869       0.99401906402001172     
  0.28999999999999998       0.29841278655036629        47.780069692668704       0.99379321536033616     
  0.29999999999999999       0.30933624959031597        47.769146229628753       0.99356601469848760     
  0.31000000000000000       0.32032750505842361        47.758154974160647       0.99333740399986881     
  0.32000000000000001       0.33138940520459215        47.747093074014479       0.99310732393960588     
  0.33000000000000002       0.34252486751030875        47.735957611708763       0.99287571383605222     
  0.34000000000000002       0.35373687801936182        47.724745601199707       0.99264251158151140     
  0.35000000000000003       0.36502849481069360        47.713453984408375       0.99240765357000460     
  0.35999999999999999       0.37640285162238935        47.702079627596682       0.99217107462189391     
  0.37000000000000000       0.38786316163637180        47.690619317582694       0.99193270790516275     
  0.38000000000000000       0.39941272143398004        47.679069757785086       0.99169248485314354     
  0.39000000000000001       0.41105491513327247        47.667427564085799       0.99145033507846381     
  0.40000000000000002       0.42279321871960412        47.655689260499464       0.99120618628297286     
  0.41000000000000003       0.43463120458179766        47.643851274637271       0.99095996416339349     
  0.41999999999999998       0.44657254626705567        47.631909932952013       0.99071159231242212     
  0.42999999999999999       0.45862102346865924        47.619861455750410       0.99046099211498850     
  0.44000000000000000       0.47078052726146502        47.607701951957601       0.99020808263936044     
  0.45000000000000001       0.48305506560126155        47.595427413617806       0.98995278052276181     
  0.46000000000000002       0.49544876910517843        47.583033710113888       0.98969499985114284     
  0.47000000000000003       0.50796589713156903        47.570516582087500       0.98943465203272318     
  0.47999999999999998       0.52061084417911696        47.557871635039952       0.98917164566489513     
  0.48999999999999999       0.53338814662635781        47.545094332592711       0.98890588639404531     
  0.50000000000000000       0.54630248983436958        47.532179989384701       0.98863727676782442     
  0.51000000000000001       0.55935871563708339        47.519123763581987       0.98836571607935308     
  0.52000000000000002       0.57256183024550700        47.505920648973564       0.98809110020281976     
  0.53000000000000003       0.58591701259415807        47.492565466624910       0.98781332141988032     
  0.54000000000000004       0.59942962316018078        47.479052856058885       0.98753226823622653     
  0.55000000000000004       0.61310521328799306        47.465377265931075       0.98724782518763987     
  0.56000000000000005       0.62694953505489215        47.451532944164178       0.98695987263479301     
  0.57000000000000006       0.64096855171586442        47.437513927503204       0.98666828654600502     
  0.57999999999999996       0.65516844876891733        47.423314030450150       0.98637293826709060     
  0.58999999999999997       0.66955564568560599        47.408926833533464       0.98607369427737224     
  0.59999999999999998       0.68413680835509449        47.394345670863977       0.98577041593085235     
  0.60999999999999999       0.69891886229410316        47.379563616924969       0.98546295918145521     
  0.62000000000000000       0.71390900667948298        47.364573472539583       0.98515117429115906     
  0.63000000000000000       0.72911472926497234        47.349367749954098       0.98483490551973818     
  0.64000000000000001       0.74454382224896676        47.333938656970105       0.98451399079472235     
  0.65000000000000002       0.76020439916592708        47.318278080053140       0.98418826136006865     
  0.66000000000000003       0.77610491288042005        47.302377566338649       0.98385754140189685     
  0.67000000000000004       0.79225417476978588        47.286228304449281       0.98352164764950256     
  0.68000000000000005       0.80866137518914294        47.269821104029923       0.98318038894969961     
  0.69000000000000006       0.82533610532093593        47.253146373898133       0.98283356581236381     
  0.70000000000000007       0.84228838052061705        47.236194098698455       0.98248096992485823     
  0.70999999999999996       0.85952866528040606        47.218953813938661       0.98212238363280457     
  0.71999999999999997       0.87706789994453538        47.201414579274534       0.98175757938442354     
  0.72999999999999998       0.89491752932206614        47.183564949897004       0.98138631913540797     
  0.73999999999999999       0.91308953335742260        47.165392945861647       0.98100835371099560     
  0.75000000000000000       0.93159646003438734        47.146886019184684       0.98062342212158948     
  0.76000000000000001       0.95045146070663589        47.128031018512431       0.98023125082790519     
  0.77000000000000002       0.96966832806716474        47.108814151151904       0.97983155295123381     
  0.78000000000000003       0.98926153699044350        47.089220942228629       0.97942402742395152     
  0.79000000000000004        1.0092462885050710        47.069236190714001       0.97900835807491859     
  0.80000000000000004        1.0296385571814615        47.048843922037605       0.97858421264384743     
  0.81000000000000005        1.0504551422489961        47.028027336970069       0.97815124171810042     
  0.82000000000000006        1.0717137227905764        47.006768756428492       0.97770907758468040     
  0.83000000000000007        1.0934329174000770        46.985049561818990       0.97725733298939510     
  0.83999999999999997        1.1156323487303907        46.962850130488675       0.97679559979430297     
  0.84999999999999998        1.1383327134072232        46.940149765811846       0.97632344752355182     
  0.85999999999999999        1.1615558578372589        46.916926621381812       0.97584042178662111     
  0.87000000000000000        1.1853248604996685        46.893157618719400       0.97534604256671364     
  0.88000000000000000        1.2096641213781185        46.868818357840951       0.97483980236063039     
  0.89000000000000001        1.2345994592676683        46.843883019951399       0.97432116415485237     
  0.90000000000000002        1.2601582177785109        46.818324261440559       0.97378955922073485     
  0.91000000000000003        1.2863693809580214        46.792113098261048       0.97324438470964580     
  0.92000000000000004        1.3132636995658451        46.765218779653225       0.97268500102653044     
  0.93000000000000005        1.3408738291659239        46.737608650053147       0.97211072895768935     
  0.94000000000000006        1.3692344813469746        46.709247997872097       0.97152084652549520     
  0.95000000000000007        1.3983825895519282        46.680099889667140       0.97091458553925136     
  0.95999999999999996        1.4283574911907515        46.650124988028317       0.97029112780736937     
  0.96999999999999997        1.4592011279340216        46.619281351285046       0.96964960097139641     
  0.97999999999999998        1.4909582663415479        46.587524212877518       0.96898907391708988     
  0.98999999999999999        1.5236767412770629        46.554805737942004       0.96830855171155528     
   1.0000000000000000        1.5574077249035221        46.521074754315549       0.96760697000832596     
   1.0100000000000000        1.5922060244522032        46.486276454766866       0.96688318885396596     
   1.0200000000000000        1.6281304124225766        46.450352066796491       0.96613598582013682     
   1.0300000000000000        1.6652439934108980        46.413238485808172       0.96536404837380918     
   1.0400000000000000        1.7036146123981619        46.374867866820907       0.96456596538514883     
   1.0500000000000000        1.7433153100700958        46.335167169148974       0.96374021765716900     
   1.0600000000000001        1.7844248316146498        46.294057647604419       0.96288516734308471     
   1.0700000000000001        1.8270281964720634        46.251454282747005       0.96199904609589626     
   1.0800000000000001        1.8712173377310282        46.207265141488044       0.96107994176938050     
   1.0900000000000001        1.9170918213109820        46.161390657908086       0.96012578345958388     
   1.1000000000000001        1.9647596567936054        46.113722822425466       0.95913432464007509     
   1.1100000000000001        2.0143382138261661        46.064144265392905       0.95810312410137277     
   1.1200000000000001        2.0659552604901128        46.012527218728955       0.95702952435358002     
   1.1300000000000001        2.1197501430035550        45.958732336215512       0.95591062708936836     
   1.1400000000000001        2.1758751297230550        45.902607349496016       0.95474326522964759     
   1.1500000000000001        2.2344969467762472        45.843985532442822       0.95352397098344233     
   1.1599999999999999        2.2957985379794361        45.782683941239632       0.95224893924279441     
   1.1699999999999999        2.3599810882121575        45.718501391006910       0.95091398549793638     
   1.1799999999999999        2.4272663574395987        45.651216121779470       0.94951449729120019     
   1.1899999999999999        2.4978993824878999        45.580583096731168       0.94804537802191313     
   1.2000000000000000        2.5721516159978619        45.506330863221208       0.94650098165827878     
   1.2100000000000000        2.6503245873764136        45.428157891842659       0.94487503659205641     
   1.2200000000000000        2.7327541899084351        45.345728289310635       0.94316055646952646     
   1.2300000000000000        2.8198157226430762        45.258666756575991       0.94134973532365784     
   1.2400000000000000        2.9119298467727961        45.166552632446276       0.93943382368544148     
   1.2500000000000000        3.0095696560537264        45.068912823165341       0.93740298152391666     
   1.2600000000000000        3.1132691121803324        44.965213367038736       0.93524610279606935     
   1.2700000000000000        3.2236331627602199        44.854849316458846       0.93295060499978200     
   1.2800000000000000        3.3413499469212193        44.737132532297849       0.93050217530544044     
   1.2900000000000000        3.4672056089778813        44.611276870241184       0.92788446244166478     
   1.3000000000000000        3.6021023943312738        44.476380084887793       0.92507870031280193     
   1.3100000000000001        3.7470809085800267        44.331401570639045       0.92206324502443227     
   1.3200000000000001        3.9033477018373710        44.175134777381700       0.91881300114818498     
   1.3300000000000001        4.0723097262979309        44.006172752921138       0.91529870502759514     
   1.3400000000000001        4.2556177516875637        43.822864727531503       0.91148602176603699     
   1.3500000000000001        4.4552215785396418        43.623260900679426       0.90733439682782580     
   1.3600000000000001        4.6734409670299790        43.405041512189086       0.90279558076630262     
   1.3700000000000001        4.9130577599679359        43.165424719251135       0.89781171312776975     
   1.3800000000000001        5.1774369756689413        42.901045503550129       0.89231280380143485     
   1.3900000000000001        5.4706880870493153        42.607794392169751       0.88621337852304494     
   1.4000000000000001        5.7978829568769683        42.280599522342101       0.87940794596869853     
   1.4099999999999999        6.1653550931496062        41.913127386069462       0.87176477344486791     
   1.4199999999999999        6.5811179729349050        41.497364506284164       0.86311718603474108     
   1.4299999999999999        7.0554616308803091        41.023020848338760       0.85325115795969875     
   1.4399999999999999        7.6018229139395244        40.476659565279547       0.84188721186811055     
   1.4500000000000000        8.2380879826320683        39.840394496587002       0.82865332768785271     
   1.4600000000000000        8.9886001341650079        39.089882345054065       0.81304318125992969     
   1.4700000000000000        9.8873627384989167        38.191119740720154       0.79434952542912474     
   1.4800000000000000        10.983358578020539        37.095123901198534       0.77155355136743620     
   1.4900000000000000        12.349818933232960        35.728663545986109       0.74313209784499923     
   1.5000000000000000        14.101346894640949        33.977135584578122       0.70670149789490622     
   1.5100000000000000        16.427935029910742        31.650547449308327       0.65831003428589130     
   1.5200000000000000        19.669144957686999        28.409337521532070       0.59089505443129198     
   1.5300000000000000        24.497283384915612        23.581199094303457       0.49047303239023704     
   1.5400000000000000        32.456722497758697        15.621759981460372       0.32492206858260458     
   1.5500000000000000        48.050145886427714        2.8336592791355031E-002   5.8938201311996351E-004
