  0.35066399407708243       -1.3122497412713390      -0.21434201700063882     
  0.14551916272179360       0.61400989020610508       0.10367857550228465     
   2.4891433706625072        1.6785153908548121       -2.6418143718789278     
   4.2516908884086393E-002  -3.3936946189303216       0.46946657345439552     
   12.718863120899549       -2.7262001175321147       -10.244187599447709     
  -1.1696731753574745      -0.75420766375804793        1.7575572593068722     
 -0.89568008547104383      -0.76887943538783454       -4.5025200696164398E-002
   1.3566869180118244      -0.67486595461878818       0.67523844264538235     
   12.179598229368894       -4.3707372858668387        9.1113220429333648     
   2.4910784942761115        1.5597175554841243       0.48016381343160064     
 -0.26922479509508368      -0.65719178641488885        2.0652669070744252     
   1.6923636815953709        3.3431863109377531       0.13602460578567366     
 -0.29030782878565731       0.61732741134522762      -0.29876808455755111     
   1.0115485361574086        1.7022078135099392       0.43839667760696038     
  -8.9216361077078754E-002 -0.57735066122076040       -1.0927045401883617     
  -1.5058367639579007E-002   4.1085205595502980E-002  0.26240447873557571     
   1.2162585875436078       0.60643795318970972      -0.65723429934613531     
   2.8565398718620076        14.641693403652750       -11.365322362564699     
  0.68375514197905207       -14.060676917785912        9.0142794974993361     
   1.3296188907815547       0.64538503900590372      -0.97066481631092383     
 -0.75165332824891251      -0.14701002356800988       0.29381400809689179     
  -9.5329252982735646E-002  -2.0530473989554219       0.18282284460307982     
   7.1466538086314951E-002 -0.10634629439990456       -1.0163750402577498E-002
  0.29633320079427661       -2.4733170093107044      -0.95820558834792480     
 -0.46696396680629931      -0.82126183568044864        1.6459012751934385     
  -7.1701195700298037E-003 -0.62099962757469884      -0.10396527412429869     
   1.0804614268134221        3.1165782884893050        9.9781376265321256E-002
 -0.82486055849897932       0.56951868892919588        2.1161127577997112     
   1.7176676921371006      -0.79335898499376079       0.56549068348381737     
 -0.80940418602363429       -1.3856705524816904        2.8468283591085597     
  -1.5219919899128060      -0.61326518307268629      -0.25621864135309985     
 -0.47651813198412651       -2.3009097735261137        2.5079740182429768     
  0.66278742456724382       0.31756522472680887       0.54911870567836396     
  -1.8687353710044026       -8.8457980720681492E-002  -1.2270922088329594     
 -0.13671951751415201      -0.74239575085936282      -0.85861908132392528     
  -2.0545153130611333       -2.5257293045024953        2.6394208699279140     
   8.7791143749430116        9.6408173426067307       -5.4369706300153391     
   1.3695084017030852        2.6645997376188726        3.0610588098965792     
  -5.3396283340393189E-002  0.12209043595298150      -0.16662649993831585     
   13.346252682192580       -8.6513162782863269        7.6155723346375250     
 -0.16134753779140559        3.9058773151146434E-002 -0.16230180203965655     
  -6.4351792828745165       -9.6190289180691160       -6.0258290834063253     
 -0.25298165144739737        1.5231769298934044       0.10682551594146625     
  -1.1751818117083412       -1.4171973650207859      -0.26467455452404132     
  -1.6651090355031609E-002  0.75222999052171491      -0.12315219481393533     
  0.24657696485775732       -1.8191095199437042        1.3301440863780372     
   5.0985279055055903        9.6769523752952402        13.079181707316026     
   3.9693837119200972       -7.7726555415966292       0.62062180539321032     
 -0.77898314537298219       -1.4696572242860189       0.48780459077732058     
  -3.6136470370922718        2.2296909446859163       -1.8403043156114294     
 -0.84940557314251453       0.81313395695758772       0.74883660948839825     
  -8.4907239891311992E-002  0.19183690351140925       0.98110308414843850     
  -1.4875702408875191       -4.3947367189412292       -16.595790895255721     
  -5.4793560462506087E-003  -9.2389028514801991E-002  -1.4121014581405885E-002
 -0.35336950670132855       0.20744521388010523       0.80692103963270989     
  0.46540306785141933        8.0477240051626819E-002 -0.68013225404437572     
  -2.2417208811880407        1.0995031881946473        2.2811234011973558     
   5.2224530927305386        4.4174824409476630        2.1332480744277333     
  -3.3378421957067111E-002   1.5483183917390491       -9.2005933234843906E-002
  -2.8528125897703021       -5.1780370643214422       -1.5144233734567933     
  0.28339373634625664        5.1218081522223455        1.0264615185424344     
  0.51296047045533377       0.83561011774189231       -1.1840717597706150     
   1.5382893084301044        1.4662952326812539        3.7002419168618030     
  -1.4977810150062987        1.3008834398076918        2.5203249163381622     
  -1.0519005484636859       -2.7353119255162492      -0.18259270001467176     
   1.7663067873145226        1.1673317828412617       -2.4748476868113616     
  -1.7456470411273430       0.80362101737469060       0.13140277801016798     
 -0.60368059431715082       0.53034693685934542      -0.16594005154462965     
  -1.9527057393936875        8.3277092096970651E-002   2.8585863040232766     
  -1.9264834769969050       0.37635604675324774       -1.8460840960000418     
  0.37730632175127798        1.9721847928900369       -2.5312922403778724     
  0.30715785561823367       0.48672285508621904       -1.6197472139379647     
 -0.40306624537304786        7.3391854147456498E-002  0.98757776270805586     
  -1.1253195363504220       0.27424178973615732        1.1244380207071845     
 -0.90456902787786952       -1.3728382283720910       -1.5490984775791432     
 -0.82175396556227442       -1.3287467032807943        1.8208994429135483     
 -0.16621739694865195       -6.3010698793753317E-002 -0.24435913287744837     
  0.17043528199862196        7.4397700443180365E-002  -2.8527356722832468E-002
  0.68814911816717073        10.593930091466264       -2.5439112117259950     
  -4.2597716472258552E-003 -0.53866811596348962      -0.53787453562670540     
  -3.1560750696033475       0.80710049356411251        1.1993479129022717     
   1.6583507278851266        1.9827596707463435        14.636087520313074     
  0.22770855166801227      -0.12850012773547886      -0.12711733141062392     
   1.5562591625369633        3.3545808074281829       -1.6246195584895586     
  -1.9655537807208157       0.42277534255085247      -0.25364596896379815     
  -1.7883693071521780       -1.3803636911360666        1.9872897467424080     
  -8.5800441448902962E-002  0.37781115787188224       0.19399711479396822     
  0.90494539815807362      -0.84378879538629104       -2.0923844617865099     
   4.2653646376796699        3.0230824589178722       -20.847166108458890     
  0.19708037367927581       -2.1570352905834742        2.1014137580135461     
 -0.37729267027450514        1.5882056622831788        2.3450765537455203     
 -0.82869359744597559        1.5733142052164479      -0.63159974370263550     
  0.18158488580964219       0.38502150961380927      -0.17023644971964302     
 -0.24916378809057857      -0.42431159401203389        1.3023529133928748     
 -0.23420382344934151       -1.4344962737986975      -0.27990430456920945     
  -4.9299556743120965       0.91492574923425551        2.4339251461950111     
  -1.2809523162541876        1.2019266671380824        1.2776812186038398     
 -0.11919778304572182       -1.2542242022450882       0.90029300468879581     
 -0.58254573396460640       -1.4185322293359490       -6.0772529025332693E-002
  0.89709174655855484        1.5681895151412308       -1.3375655990584601     
  -1.5362100156979617       -2.2114597091646342       -1.9441462865240262     
 -0.48710286190510071       0.25031827121815309        3.0403531848953813     
  -1.9518477838613526      -0.60761317420392247      -0.31402049004443788     
  0.62050940596879289        3.3260636310236280       0.92280017553263449     
  -5.2646503462836482E-002   1.3482964818550205      -0.55584446680503441     
  0.59083103137419257       -1.1594064728870199       0.68654045312429335     
  0.70311259487275946       0.36692868168120429       -2.3854972072119840E-002
   12.354675831387715       -7.8754529536512372        2.7154182933925890     
 -0.94412218419024052        1.4227571058464765      -0.25570154083632851     
  0.66784448806995511      -0.21467197292123358       0.51240075480886749     
  0.32765376444477307       0.59635569125277255       -1.0789671108605221     
 -0.13531657847449535       0.20889585623197052       0.44246738339686564     
  -2.6763858966389797        1.0172493828720308        2.2451172646984641     
 -0.95799518477727219      -0.31891828478006468       0.81782012580955754     
   1.7065908281273796       -2.4677543950888543      -0.37990338795276568     
   1.6409475053642486        8.2425330746137302       -2.8972209849197958     
  0.42276809761336592       0.26608616532194335      -0.16184155518213875     
  0.88732337466425837      -0.53762977495173403        1.8819808494263430     
  -1.6553653445249841        2.6512284093388488E-002 -0.16333052089925126     
   1.5326546143625841       -2.9937305347950418      -0.75374878604319318     
  0.53653318382061244       0.37252478139819722       -1.1280834024305697     
  -2.5993080302594942        4.7238261861158879        5.5827957426688775     
  0.91246301973264532        2.1016255988258643       0.39866167095240829     
  -1.3280319295962264       -1.1254921140789464      -0.60889849331665025     
  0.28114581828960117       0.71846144370004950      -0.92015253766816207     
 -0.15126633234084372        3.5505303535682872E-004   8.6675925838713922E-003
  -1.4797701262880165        1.0979564042239796       0.74394454584052538     
   1.1353397743890439       0.48942284997086166       0.16818773528815409     
 -0.31321793632170192        2.1058130723550552      -0.69986732703267984     
 -0.15086413881308355      -0.78880845411153366      -0.73498582759331055     
  0.57567182312852883       0.40483337566384869       -1.8861729544194108     
  0.43719568270173242      -0.33383643298959803        2.4549574972335346     
   2.7839112448580638       0.21344835716506413       0.41826324840848944     
  0.63026313069829598        2.3523828403941636       -2.3484635916081485E-002
 -0.31485897500775356        2.6007111849507152       -4.3017489378237954     
 -0.60297404249333375       0.69646924724757842       0.61479183691766415     
  0.67818862770748256      -0.76298203324281144       -1.5885576533664583     
 -0.40861088629193054       0.23639439367072743      -0.30785517192508305     
  0.50824973635731863        7.0452033983565316      -0.69442809533637007     
  -1.5679656697595801        1.1433183645951757      -0.47468605554000076     
 -0.91971674960592231        1.1949259038961790       0.63323942826966961     
 -0.22309752409121619      -0.79284113446158599       0.22985787372653785     
   1.7266782793961475        1.0168600684882751      -0.18576956933945052     
  0.37543101633930565       0.64073109849640175       0.89243248689610954     
  -2.6068936873955493        3.7532264220315330        4.3555216824839498     
  0.15182989585729403        1.0779263761628667E-002 -0.52483687757625075     
 -0.13829406882616632        3.9587964522880821       -1.1563408905388650     
  -2.4097117467707170       -13.187466280547913        3.4439840358145566     
  0.17284742896370792      -0.59713631528298572      -0.58681858032719747     
 -0.23516201360667038      -0.73079389511856674      -0.15745765041779602     
 -0.22937298157731179       0.57279269223731011       0.26715400788216215     
  -1.0325031641419424       0.43913155819236965       0.33792684875481388     
  0.46907879780857109        2.1475293608595067        3.6119195874148535     
  0.45975530192741249      -0.43382843437328839        1.4782378617956775     
  0.10637064248813029        1.6208986522617572      -0.53191182271694382     
  -2.1214172400692766      -0.29340799727407030        1.0881340900818852     
  -18.549906402709617       -9.8684906504006520       -3.1184333008505130     
  0.84417953563686265       -1.0497298427463073       -3.0087343832693803     
  -1.3870479620640757      -0.53927630668970927      -0.31315102489886670     
 -0.31915862474318801       -1.8399220424628817       0.23707786173155082     
   4.3547775748751025       -1.8717584684194941       0.15115484949630131     
 -0.68820399949118616      -0.43683481928484880        1.3238323811899184     
   1.1803722935821170       0.65760902634401597       -1.6202001284899585     
  0.72469301464574709       -1.6391254114038358       -1.2306103356905835     
   1.0628371047386349       0.19753932011858519       0.49428422715980341     
  0.81732016054188061        1.8148170696186812       -1.2833430009132647     
  0.50644300738861525        8.9006013834813352E-002  0.31880795045371879     
   2.1150761554548669       -4.2805571974642262       -3.6376499454588394     
  0.43814011810656422       0.12782636383059434       0.26823627728630872     
  0.74997200824267218      -0.39248811038450221       -5.3048968319529821E-002
  0.92357237918150303       -2.3876585612137866        4.0207169553126199E-002
  0.43442728172267064        2.2468308968636386E-002 -0.26656412586765199     
 -0.96009718834875390      -0.82830735434996372       0.59379511870389023     
 -0.24488856515979193      -0.19596515276188980       0.28340728734116266     
  -1.5747839053657597        7.8813901826919053E-002   2.8639220607014728     
  -5.8392576754519900E-002 -0.85393355202250065       -1.7487823537038483     
  0.84598444042728038        3.5531423898117767E-002   1.2979831564179762     
  -14.426214835482956       -2.3847973771882831       -6.6977191102313194     
  0.27648333883655829       -1.0386445623599634       -3.4294263725709042     
  -2.1439525620653339       -1.1153088562749796       -1.1035110231244565     
  0.81750849386056568       -1.5265020097215509       0.77634356680271355     
   2.5844244902470503      -0.64399126243793081      -0.12808082106134627     
  0.91146295587407256       -5.8362801523041456E-002  -1.0335682451946127     
  -3.3089092043633475        1.1846840580934945        5.3184975476050216E-002
   2.3732059421623712      -0.89856340728473783      -0.85572797967524639     
 -0.85934290421459225       -1.7492496062601299        1.9216635333382115     
  -3.5484012549914873E-002  -1.1305965531960505       0.48711770826133510     
  -1.8661185386739234        4.6153078929663529        3.6747652050057398     
   12.810033226635207       -12.744002706169429      -0.48624291409371012     
  0.12051837029625190       -1.0962636236434458        2.0891889116207638     
 -0.70965726684932307      -0.75217903201777725       -1.7641616088746033     
  0.66947805924384429      -0.85002587880222280       -1.1655327109620057     
  0.90822655172413258        23.690751390021980        1.5362196213958914     
   2.3860563443109735       -5.7933231428252796       -10.895725826848500     
  -1.1499239463144717      -0.10399696249372928        1.8236044759021838E-002
   2.9282308444623708      -0.68362378616607744       -1.8649859279651371     
   2.0322183897754438        1.5759962920868080       -1.8932046318913633     
  -1.3939006007402712       -4.9373303999372675E-002  -1.0482917038629440     
   1.1003313976753561       -3.9890064706574346       -11.178729851095719     
  -7.4952624973703919E-002  0.20766382854260329       0.14752559070710425     
  0.27275036380726303       0.31350496230850672        2.0862282999114217     
  -8.6783831477550830       -4.9587138664842323       -3.7476233032916562     
  -7.1314468070292234      -0.24093267779194466        3.3091462060313623     
   1.5064339697543008      -0.69959663520713167      -0.22501125001526839     
  0.81744273563583159        2.1649439451118000       -1.4626272824886091     
  -4.6414979222903394       -4.1380483754629660       -6.2532072886427814E-002
  0.75991229692959672        7.2134404319173617E-002 -0.85478161594823932     
  0.54955264635832446       0.68565227027625197        8.7916002336206334E-002
 -0.29445646313132623      -0.13517145401796785       -1.8181586337785205     
   1.6440710975133166       0.43937524116826648      -0.66863326493730568     
  0.24347450962554873        2.9227316022566048       -2.7117424827240351     
  0.33453846557253458       -1.9844644454192928      -0.14901809208104386     
  -1.3777306876073683        2.3394510259576879        2.1104723193366905     
   2.6343441682505966       -1.4843531057587358       0.73029932997041214     
  -3.8399517016850584E-002  0.14049796063496431      -0.13915255419504111     
 -0.25494452626463210        2.0313116707458647        1.4641978677140650     
 -0.49376621015838545      -0.56082942317273277      -0.75696842728437974     
  0.11237644826042335        2.8182976404259555E-002 -0.30925759783468815     
 -0.34638623093778320       0.58976889608515037       0.73358144002145953     
  -1.2942369011407673        1.5344272947244169      -0.36971691573808518     
  -4.9899278305049721        6.0886205513545022       -1.2838171554732372     
 -0.93527384038224692      -0.54997561422684771       -1.5439913799062031     
   2.2783611300066502      -0.95197699526735624       -1.3085547405658917     
 -0.37456025019840261      -0.10332848662555177      -0.66394000709250911     
  0.51011248022334099        2.2549389652350160       0.45064304715923481     
  -1.9387376474922158      -0.36435411014869012      -0.99148591173877088     
   5.5974321749747968        5.3933715977610319       -15.233144336170945     
 -0.62049741787122925      -0.77515059360964067      -0.71591499631752298     
  0.38567928202870505      -0.49797867149186686       0.71520665808045014     
  0.61627307223925321       -2.1197757296598696        1.8769978314201594     
  0.53345592634769545        1.9228907978718250       -1.5056707284450339     
  -1.1245999872356622       0.66864853806050406      -0.16030454377062098     
   2.0643961658131689       -1.0090776228389113       -1.5026863695320829     
  0.53789120719058603        1.2637883182732061        1.0542747640980572     
  -8.9983481947034843E-002   1.7162072730662785       -1.0894857370116053     
   1.6013257974614339        1.8021454534127046       0.17283124201623501     
 -0.68331435654351314       -3.2085245260580365E-003 -0.15045305373083176     
 -0.51317817026664636       0.42424578642734989       0.35645563732815921     
  0.87749919643260144       0.42222005853638878       0.93088514861481719     
   1.0274590656260958        1.5671388277793350        1.6978515802557534     
  0.95148249794074291        8.1503138959456489E-002  0.78405342205294515     
  -1.7782329719252168       0.34554340702203484      -0.65495556187298309     
  -1.2580732186021266       0.88442705141099109       -3.0025525689929458     
   1.6231179608884483       -21.070449891934100        3.1252328501771585     
  -12.769419830758943        6.4508170942338667       -7.5051357534225209     
 -0.17915134872596949       0.94986586085994584      -0.89843216743495413     
  0.43481190418628957       -1.1633247510346076       -2.1765569841757104     
  -1.2896705927240779       0.11491365178453126        1.5434045888084624     
   1.8660801996360266E-002  -2.5696135489761276       0.21700487306557356     
 -0.80453653108653578       -1.9918871743778430       -9.8431469937206917E-002
  0.11937947138432968      -0.17842464429472732       0.21146494566376359     
   1.1309491831267893E-002  0.58634093671818788      -0.21955409606034312     
  -3.3248472338702557        11.176105794575832        10.357645164146303     
  -1.7905626809397779E-002   1.0001649830378534      -0.89183499827967672     
   3.2708551305201667        1.8009032614047802       -1.3614793207328211     
  -9.9024933383018848E-002 -0.41818808428505461       0.49672535317171512     
   1.0148218202312331       0.71599164355910905        1.0401314637331216     
  0.38182031495704266       0.98071544606953853      -0.71348245699511526     
  0.51825434967225614       -5.8138980057403034E-002   1.2451268496779098     
  -1.7037439312798464      -0.73936798310242913        2.4191588906811949     
   7.0267671260093678       -4.6045879165214112       -3.3812988360548215     
 -0.93435611529818685      -0.39614292690320890        8.0905733367138549E-002
  0.41378423704027556       -2.5604809673389686       -2.1463444199988251     
   1.6498753846487835       0.64145607948856087        1.5183170425726094     
 -0.89497240698903358       -3.0695150512905216       0.54445141462813118     
   1.7357037171051100      -0.51354692187126993      -0.42212323380915673     
 -0.81411573128223713      -0.16974058613725945      -0.79787425672541135     
 -0.28705394771321791       0.68605687362776613        1.5044861240081484     
  -1.2309251365194025       0.24570101050088128       0.29993073608435278     
  -8.0505076312355803E-002 -0.79799239252248333       -2.5376575579228198     
   14.007319049439470        2.7742467921864753        7.8509193811979916     
  0.27027892647374280       -4.9003464248351474        17.913865701354119     
   7.5387731633522002        4.6587250260935882        10.331528200445113     
  -7.5916016013071683        1.4152156763989745        5.5296497639959492     
  -4.6316833826138311       -1.9391682013841562       0.66204590600866309     
   7.5371816949580797E-002  -1.9183537900876575       -3.1891164379687758     
  0.16706332422152648       -1.8281249406648141       0.14625060009149368     
   1.0284352482715198      -0.47523000743952953        2.7518981875477269     
  0.95261304133331781        1.2912615393284590      -0.89905013937571177     
  -1.2180890499771755      -0.75914841244765907       -1.5482301616666418     
 -0.41302593365524076      -0.94197098969808146       -2.2368689559792685     
 -0.99749320458298874       -1.0197375032330440        1.3315664714321065     
 -0.72459638476208921        1.7588621671809546       -1.0902435614368784     
   1.1536784313323006E-003   2.9980915589735915      -0.16596064279244890     
 -0.90658775173793082       -5.4037988045458896E-003 -0.33038011614203799     
 -0.34553070980009343        1.3545022320304789        1.1687332198069729     
  0.15147153684436557      -0.12427824354820967      -0.82361976681281501     
  -1.1932771199865335       -1.0265008607871537      -0.30126914264556359     
  -10.086863658559125        6.5162604352056226        13.193246415731862     
  0.22237871333314474        1.1580107267369786       -1.2893844171051647     
  -1.1398994162968850        4.3354113100497325E-002   2.0203517048437560     
  -1.6399264981387329        9.1367833485798411E-003  0.26694357401141394     
   5.6934422889240222E-002  0.27753498332181181       0.15882458779476646     
  -1.4041990651102609       0.32521573935668524      -0.77480227389044842     
   1.2231487567339085       -1.9682783938581576       0.35496342313185525     
  0.48309383319219840       -1.4050811959879310       -2.6893250357211782     
   1.5388215895920857E-002  -1.1947724919919984      -0.71147200668242061     
   2.5314563333418326E-002  -1.7770190699168478        1.3686274666021547     
  -1.1944860094158651       0.58928427707202169       0.14541606871186366     
  -1.8465254273476450       -2.0055942457639615       -2.1639214376137326     
  -1.4319582360045244       0.88397651623836659       0.54865020604474157     
  0.80606791544533840        2.1081057736296773      -0.96915574862504217     
   2.4516626544406330       0.22827923876879547       0.29727590431761175     
   5.6308987474736858       -6.4803818782081564        1.3287897739051062     
   2.3596684809201642        1.4053629628285562        2.2194810948018366     
   1.1876878291673725       0.80859516207264182       0.30966247740149849     
  -1.5267965573928066       0.55329350189978110      -0.58153063009799499     
  0.17595166332313217       -1.1745899384062146       -2.1536495876171675     
  0.42759807859579951       0.11628795833761768        2.9367125892494990     
  0.38033157701717824        1.1099533946023232      -0.18911218037344521     
  -4.4001420756070573        9.2144099382593154       -8.6382369452891954     
  -2.1284941647943216       -5.2395343461074173      -0.17746045478542605     
  0.34110885865716545        5.0878389391516288E-002   1.0111251061867494     
 -0.43171479804048779        5.6710265732894387E-002  0.15432409873462383     
  -1.8476828549907336E-002 -0.28977029298207330       0.70125960405404619     
 -0.32478732408531508       0.74496780622687508       0.18493457983895209     
   1.5466530745986655      -0.43223684492797515       -1.7569966598408693     
 -0.83514438995446627        1.8033635566820856      -0.50866627296052869     
  -3.6924919495533528        1.8086042901951880      -0.28465481610985416     
 -0.41898010948694114        1.3598867893454141      -0.98692292820078664     
  -1.9211938941588076       0.90650295239278444      -0.19508610960576780     
 -0.11033318228472971       0.27413603675461179        1.8350643539825309     
  0.47838730081902381       0.78724542729631042       -1.9255933668125667     
   4.6709273569744157E-002 -0.62822672062658147        1.9955557593711799     
 -0.20062697549658515       -2.4818273045107930        1.7631754317157708     
   1.8468671395352327       -2.7285778293730600       -1.0451139866965535     
  -2.0883876316721786       0.93911099094177486        1.1873210472228448     
  0.25244950466722549       -3.4575003670487998       -4.3357214051838504     
   3.5800501184701128E-002  -2.3042360154089323       0.28424114347738694     
 -0.38659281643036481        1.3788787003269527      -0.44327862400242452     
  0.38849894530443296       -2.0888781845565187       0.57205035302484197     
 -0.19713829040178013       0.50866532091357131       0.76685935889486012     
 -0.32232885471927936       -7.1190595974361948E-003  0.54716099774377014     
  0.20370857800867148       0.26482444719201370        6.2985369967831495E-004
 -0.68963995666267319       0.77536373955734916      -0.27258767370303671     
  -1.5985201399034066       -8.1845074805711016E-002 -0.81068505621576570     
   2.0993123424481208       0.13429724454205264       0.85584937723473686     
   1.3950706011324228       -2.3992893572193963      -0.50159206132862422     
  0.61628841922402000       -15.637736160778944        10.209364445666663     
 -0.12662434369314979       -2.1947037230225619E-002  -1.8602133336398283     
  0.81395472082915088       0.12046782665292916        1.3993744786431970     
  0.77147385152019532      -0.95742053646637459       -2.1287943390323201     
  0.12183505928024602        7.6067979582996187E-002  0.14483491251237765     
  0.24882220923451115       0.15396213473773968        6.0953592570677943E-002
 -0.91823071352301588        3.1129282545891486E-002  -1.6892585006974992     
 -0.54354849812221806       -1.6079054721724533       -1.7808972438377757     
   1.8018774816996304       -1.8369384567795697        1.0585434766516246     
 -0.92991980402195773        1.0347854530927854      -0.77628830748209432     
   8.5327499373320181E-002 -0.49211077892280009       0.62700201257360622     
  -1.4997201523317156        1.5044519930703477       0.72254119542360984     
  0.71359471852141243        1.5092723060354332       0.10874557587529592     
  -1.2819397461920905       0.22748750620191460       -1.7845745638457318     
   1.4876153398275760      -0.53755831932299980      -0.14425575193063389     
  -1.7561207257866844       -7.8043266960775431E-002  -8.4403794920053662E-002
  -1.4406161848550534       0.81868215033739322       -1.0806405041256193     
  0.56362049512900270       -2.6476622456502317        6.0659388820665947E-002
   1.0731579294265774       -1.7287565688916766       -1.1409366686946569     
  -1.5151206780027633        1.6018035009484497        2.2566894399152080     
  -1.1538851251629778      -0.21569885608413661        1.2346063771920457     
  0.50389312676216380       -1.6427902354774082       0.51229855644881805     
 -0.64467153712063530       -1.5350250990800249      -0.56505679687183408     
   2.1320511603172609      -0.82619970416724964       -1.1101890080748120     
   8.5013012180977454E-002 -0.28787727405999597      -0.84142310076104965     
  -8.1193837715309076       -3.9598090154623522       -15.367014055601087     
   2.3016139905835868       -1.4143640385557452      -0.22764824391885138     
   2.3252100122512789       -3.7331900467547530E-002  -6.2995097380327214E-002
  0.26443705107840521       -1.5580962529947180       0.84155918171199917     
  0.20709908309638342      -0.53856351927036439       0.26482853728639361     
  -2.1368581257171404      -0.57396760701623539        1.7488338845974893     
   1.5187007063300986      -0.24428735974955695      -0.82833914183492507     
   3.6291908564998948E-002 -0.30622475021452511       0.52659857651474740     
  -1.7088948500827885       0.75336126148918803       0.41992310392137167     
   1.5763442763722977       -3.0937145082271509       -12.708366548745900     
   2.5127606279581133E-002  -9.8485196739700545        1.8725494224378394     
 -0.77981907731643296       0.76061463455921463      -0.84575517445551096     
  -4.7497089004442063        5.0879851357972372       -4.9022190322673032     
  0.39588534302734946        7.5858300172748250E-002  0.50520101969607811     
  0.38089550442730169      -0.58913934385620081      -0.60101451954889717     
  0.14381476384220437       0.32657375072128247       0.66590329834520290     
 -0.56289889042365959        1.7022391600413005       0.62087910896323928     
  0.15863076568606468       0.74240660346211207       -1.2391324139977009     
 -0.41299244712751243      -0.22760685208694945       -1.1705778939231788     
 -0.18274299192626581       0.42535243932014982      -0.30267647771431161     
   1.5186622372948277        1.8546284563274975      -0.40017328053526507     
   5.3946153900780383      -0.73994524612642421       -4.0637393850875521     
  0.46061498411948532        1.7916165959709982       -3.5535907377152121E-002
  -12.428093557455178       -8.5715585961796990       -13.154589869762603     
   9.4660446019341565E-002   2.2786566595453790       0.51735611304697793     
  0.13978667742730300       0.16689544279713986        2.0014951056598886     
   1.0334750444256990       -3.6954586670537166        1.5087310533520015     
  -7.9339046523762535        5.9088450779741146       -7.1796270907381405     
  0.37443616321425011       -2.0875094861619421        1.2113710714796868     
 -0.85140140158199862      -0.95520000845191877        2.8396168280280372     
   1.2857727246918908E-002   1.6203766735047638       0.16008636815075769     
 -0.67080330079794126       -2.9371385252464299E-002 -0.21193460955450616     
   8.7436931496714809       -3.5544849939850387        5.0508876198191626     
  0.59772829628283897        1.7903649092683940       0.60123802544837879     
  -5.1352361924398494E-002 -0.65144473647665524      -0.22884578164160574     
   1.9123828248101442        1.8384548476410068       -1.1871307415862082     
 -0.31905421900506570       0.27565772383550063       0.23808743404748933     
  -24.840584406715067       0.84669253458023730       -2.0855365419513618     
  -1.1587470870142140      -0.58090894998671894       -2.0689663116935573     
  -7.9709829939699772E-003 -0.37385266508959442       -3.2438090058493643E-002
 -0.11583295614581564       -1.9595460087510428       -2.3132916515350379     
  -2.6522209201304494       -15.734471468008230       -6.2425524269587420     
  0.23918082200193544      -0.38897776383322313       0.81584819343536152     
 -0.29874997900510070      -0.44636239738158590        1.7220645977404718     
   1.5614545282840662        3.7155170642793306E-002  -1.0138488919807489     
 -0.27992574431253781       0.21563947667971084      -0.79992678799618444     
 -0.50357428390354064       0.24306629259226031        7.5043165892537678E-003
  -4.5737286063110076       -1.8543806944595416        2.4269868121212510     
 -0.36116286364737749       0.15078849765729013       0.17849548666869874     
  0.64243387733726576      -0.20593087599157217       0.17685784169652358     
  0.74237019399058390        1.6499886959172825      -0.49645877937244942     
  -4.8129624540263545E-002 -0.27450236738250006      -0.45708404003127084     
 -0.58069388970460367       0.59741495451176174      -0.29565415067245254     
 -0.18409519696455970        2.1221332530805562E-002 -0.87260374513886840     
  0.85842973236655518      -0.29717215897143734       0.35673934040915206     
  -3.2869112450551765        5.4104517218650123       -4.3162012947401465     
 -0.70795383043483373        8.7270553557849337E-002   2.4573769137271988     
  0.96786420508059678        1.4914812976893723       -7.3321074825754950E-002
  -11.046182439165049        1.2624127998347892        4.2981291628878333     
  -1.4490071546131114       -1.9655361022268112      -0.21820620574296085     
  -1.0454543580267934       0.67251225601743214      -0.74892558048968383     
  0.60729688700941842       0.91762069458618922       -7.6209523669326096E-002
   8.6697505984597214       -2.1549548414221613       -5.9252351294104892     
  0.92718004811117016       -3.7051086543123630       0.37408205161491426     
   1.1102996427650100      -0.49865027986587218       -1.1936563731943983     
  0.73248211010565711       -2.1638814915214022      -0.46241217239402804     
  -1.3625703567603784      -0.48027004579073329       0.73745391799360349     
   4.6654164956212843E-002 -0.48041622460715278       -3.3567798104164250E-002
   1.2963065200394324       -1.8612648607261881      -0.89035133430533875     
  -1.4920472574919161       0.30085683649147438       0.55849028768434850     
  -8.2512601050908909        6.7693380875168874       -12.048829504495904     
   1.3590246272776696      -0.31417763306978758      -0.31551941220314622     
  0.63154585187667311       -1.2820767033081109       0.28163691436208793     
  -2.3286565028800208       -1.7058492369203277      -0.72977142281511587     
  -2.7325836284289666       0.61225179516864547       0.76232627497201666     
  0.29902641567139870       -1.6946224459536936      -0.25218130449075060     
  0.66659862531235015       -1.2757291481419317       -2.2886865565913643     
   1.9615997768347919       -2.1226688422654685        2.5342657718042809     
   2.3918846657208817        2.3029969359559459        2.0025465705629748     
   1.6377370079422708       -4.1613837024394256      -0.88022735360262860     
  -1.4743710423081731       -1.5559495627075739       0.77789832097940026     
  -2.1804961441184365        1.1484843250627068       0.70656811908286132     
  -1.3371477077877862      -0.27121164014729193      -0.41273932359709470     
   2.0380803077326810      -0.36170313308892110      -0.40825623533086852     
 -0.57765630758741271      -0.16648294199264446       -2.9376078001985135     
  0.53569222785251636       0.15063923515003794      -0.38607805467106121     
   1.4151989887764160       -1.5487508176060760      -0.15185838405841987     
 -0.39696456341717989      -0.11845462384825634       0.33401348561971589     
  0.22574790186161098       -1.1248517578910795       -1.2467715352861433     
   2.1225117473453485       -1.0892030315888097       -1.2921331321948410     
   1.2144311866546067       0.64219666814541931       0.84617060878350370     
   4.1546209009264343       -9.7833736833245073       -15.350239552072161     
  -1.4933020393950447E-002 -0.13122331988825009      -0.24572185507219091     
  0.34355811041570905        1.5796857032037930        6.0961234218925797E-002
  0.21670956101531677       -4.0960270993831642       -6.9639004574644128     
  -3.8029028916530899E-002  -1.0624867250209233        1.4439998106162479     
   2.0279983995782005        2.2848085476488840      -0.15302804522537183     
  0.36610625013534975      -0.68719608523250919       -1.3887979739694780     
   1.5766801684974650        3.8178766879414197E-002   1.6473763595967790     
 -0.22922160745614459      -0.20736505191469878      -0.86761675614399580     
  -1.8564622514849412        1.9911915180466901        1.1992341190992866     
   9.1134001776469797E-002   9.9130622956113065E-002  -9.9861257515079904E-002
 -0.30591268387585591      -0.42487579589214453       -1.9687540956984906     
 -0.41656238691706987       -1.2836975156159680       0.54613288555335826     
  0.15949901967526264       -2.1316928367169998        8.7637692221676861E-002
 -0.22953106722028424       0.69877027339264941       0.12407610770858737     
  -1.0773708571244798      -0.91920451713826856        1.7348619151732010     
  -10.745155197589954       -12.770102923145126        8.8500619245901504     
  0.11685427741322875       -8.5890684986582463E-002  -7.5290177642646311E-002
  0.21355416618762443        2.0333203705524254       0.35956916782034837     
   1.6984158496438577      -0.37864111495297226       0.82428112370497486     
  0.17152037299979503       -2.0594900123565791       0.27972867900129444     
   11.465153117479247        6.9928139610959308        14.234676457487343     
  -5.1402506706835972E-002   2.6854636983666955        1.4860317623978441     
   3.5999689004268394      -0.10999959515013590        1.3881489194705607     
  0.83744765415724687       0.20068007936003449        2.1474912263499211     
   1.3092268642843496      -0.71329940294701910       -9.2208386075417356E-002
  -1.5615386652108876      -0.59408037170071570       0.49301563874582732     
   1.6741396376923563        1.3585982619924823       -4.7010470778146067E-002
   7.2736017778331661       -7.6691203573523365        11.627521904339202     
  -4.8606420639381476       -1.3398983854071778        3.2900934314822474     
  -1.8544298524780627      -0.21193086479104087      -0.93744369782266324     
   7.4961054307004815       -13.002326244656984       -7.2371947510743659     
   2.5312486439060522       -1.2883514273158680        2.6668576264213799     
  -1.6112598508123177       0.61490242459221034       0.16654270990058070     
  -1.2120068844264653        17.439595043049440        1.0976459073072966     
  -1.1673027278416512      -0.93070356019533784       0.20868041575045504     
 -0.92600108811712734        1.6802203369345716       -3.1309736017298859     
  0.44652623181016848      -0.82438448322352098       -1.0983243429424181     
 -0.42751009223017156        9.8567859766379801E-002 -0.76335891458655858     
  0.81131087236588983      -0.27802982890318628       -1.4182311996787731     
  -1.5673098078135703        1.6122101399090694       -1.6522065779699695     
  -2.2067691684598860        8.0056468847037210E-002   1.2384489699393570     
   25.806646023874404       -3.1350619100432580        2.7110707992278567     
  -1.0594957323134437       0.60041383025187711        2.3508943364643865E-002
  -4.7978526005864844E-002  0.54776565348299355       -2.0510705150299038     
 -0.39029814016138292        8.7343858319052947E-002  0.83150817400698096     
   1.4319513397600896      -0.77495100223506164      -0.20456821040043616     
  0.22842127119696937       0.71318388903329377       0.36173203705102425     
  -2.2403545970930727        2.7133272740383889      -0.13981463271784969     
  -4.7743595473672143E-002  -2.6179857404844808       -1.5981630936179099     
 -0.95046228896450891        4.8006777383999388       -6.6472829907170556     
   2.7259063997881229E-002  0.35521456807855134       -1.1934392928221274     
  -1.0596781691105968       -2.3913252481549523       0.23377877523097132     
  -11.144546202157834        6.1873844638223936       -8.3486784409428996     
  0.37736781605084291      -0.34122379893980981       0.76515238862814716     
 -0.68150119819086941       0.28224213313510682      -0.18542467486009945     
 -0.70689924650071367       0.14662206450311763       0.46781171864479243     
  0.59619515423252001        3.7304555338425356      -0.98722216332066981     
  0.34592140208335315        2.7768762301082273E-002  0.13797506727558304     
  -1.1523741213910488       -1.1103731599343050        1.1651981540694567     
   1.0185433636434733       -1.5606293085458209        1.5717156189880586     
  0.13370570172112689      -0.18990997940751225        9.5926029134723395E-002
 -0.81575569852978813       0.90732041202436875        1.8133680619902632     
  0.24696546048384138       0.48243401226125165       0.43702583458816335     
  0.88243426722428042       -1.0708639853236817       -2.0122271868363919     
   3.0324271374984524        8.6911632899644182       -6.2276314369557166     
  -2.1816955070106436       0.63911890267344140      -0.52179218031085906     
  0.55617623041626474       -1.2154667303060767        9.2232515643821178E-002
  0.43541579620102266      -0.63635082409913957        1.6600398545407609     
 -0.89491625844242140       -1.5310968625890575       -2.0396228410402450     
   5.8914781528517759       -6.6926586314764673        5.3790298893954196     
   6.0431783855744055       -2.3452854083347385       -1.3992456901557380     
  0.18769919920921108      -0.17033386819107987        5.4205186943824958E-002
 -0.41328340236808842      -0.50474209521972446       -5.2721883107977777E-002
  0.36434667870705750      -0.21194921954409354       0.14873376093433066     
  0.65520540871067745      -0.16079530189254046       -1.1155286323784828     
  -2.9138460681346898       -8.1336445884895667       -2.3437323223716295     
  -1.9844718848667497        1.9555607495081433       0.46799894105542272     
  -2.0453465239548416        22.099301714392883       -2.8647827091386042     
 -0.28598223924279531       0.61010447585861294       -1.1637132172953679     
  0.64197329001286085      -0.88388033359813301      -0.86057504989650901     
 -0.44224277971473447      -0.88074147758800947       0.47061975675579493     
 -0.15710492970473844        1.3091101405842740      -0.51220381322984365     
  0.98391301508157636       -1.8276541975194727       -2.2385017069947035     
  -4.2500899478710011E-002  0.17915458722361258      -0.24018051858762632     
   9.0845921486135711E-002  -2.1246820108205662       0.96165039811747699     
  -3.3914788576462476        4.1484704260213441        4.6118752452421168     
  -1.0223128208323065       -2.1127733202051653       -1.8551466149073259     
  0.26668544011704032        2.7672420052358238       0.66237633203338986     
   1.4695674650449488       0.28298935342486098        1.5940038839301081     
   10.577950089173592       -10.690246781406696       -3.6166730854372777     
   1.1459777585141009       -1.7615787645926881      -0.15456676568577976     
 -0.16934250971421366       -2.6059537391654413       0.54343772027058757     
  0.38091756987138176       0.23337629505828983       -1.8869330130660722E-002
  -1.0136698178725079        2.8544985658404904      -0.73492075799361956     
  0.84283675268790614       -1.7959679002107813      -0.80286522282315553     
  -1.8254956659174986      -0.34336664368379954       -3.0974087597377071     
   1.7283102372247812        1.6637079925685350        1.2866056525857412     
   13.515133550039470        4.5507978007637622        22.521409141479566     
   8.2704866522000847E-002 -0.10044097264199170      -0.28432139424835351     
 -0.80357835391411137        1.6047281395553592      -0.84347149978772229     
  -1.1815158974892583      -0.43623331966159812       -2.0471874430592769     
  0.11399259603760120      -0.96382559904133747      -0.95192137126958354     
  -6.8903087126471068        8.7394007171429706       -5.1101880552217400     
  0.31831709237461436       0.85124145061091572       0.93601955888601052     
 -0.42170232093349852       0.30458701437841940       0.86487257912561288     
   1.2348867803748864       -2.2273454717115655       -4.9616260899365675E-002
  0.89965022263855643       0.30252978051532947        1.2315152172674018     
   1.3379450630457190       0.74244978930174643       -2.0437872635190062     
  -2.8052224282126117        3.7859213753522472       -4.6609205772974258     
  -2.0780227670842417        2.2726827432267709      -0.91220186276760717     
  0.16828626243852410       -1.3964020691405277        1.2924223308606091     
 -0.60271439173897434      -0.24798554043207358        2.4699136852829665E-003
 -0.48869814341245549       -2.8961504922826213       -2.4615586738550554     
  0.52387196408547854      -0.28930613113710957       -1.2153446091550641     
 -0.46560773991699383       0.37574752891333407       -6.0210437681263537E-002
  -1.5093043440284755        1.3064475247235490       0.57989445495126379     
  0.16929847767794537       0.20589066515307683       0.16931532124899890     
   1.2405070543127132       -2.1057489583845208        2.0920288490703567     
   1.0561915269527316       -3.7842385804534460       -4.8979697264400022     
  -1.3203715710398440       -3.7327362117083318E-003  -2.2931554037599313     
   3.3235176228652161       -13.131856879627653        1.1388578882245339     
   1.1777085119957538       0.16924619811577754      -0.13213787759210363     
  -1.0849324421278288       0.81232631263590560        1.4675221445485025     
 -0.39265426797259789       -1.8761004568304014      -0.10752933110309289     
 -0.96292982090615564       0.60958597106887757      -0.51092942659543050     
 -0.27252980114720010       0.70647202747744231        3.1383473402748038E-002
  0.83335516752452510       0.10343543319428866      -0.86736320424168578     
  -1.7228607333192614       0.44089919003148925       -4.8723978507379986E-002
   1.5324355686058377      -0.18773061917302183        1.9888199291374917     
 -0.60128163378510002        3.1593276133100541        12.090292541158460     
   5.2896076031788422      -0.45627067206995314       -2.0214975996874172     
  -2.3491426346430142        1.3888099125787838       0.97857450515226108     
   1.7417494175103623       0.49633921937907099      -0.59275587689236042     
  -7.3259708672055168E-002 -0.12687841690372956      -0.21996302317574956     
  -12.818929427128190        5.4667115404158846      -0.81147028944195987     
 -0.88356377371007055       -7.3286956464570103        3.0086634132705417     
  0.94006055661636867       -1.4719080642136928        1.5756956742882182     
  -1.4455971246459622        2.1684935178304632       0.56410919571046081     
  0.19955792385033749       0.99722202080443545      -0.96515843685895275     
   1.2680835690712213       -1.3060817915065659       -2.2919217114677934     
  -1.7775446941090804      -0.85857066283338390       -1.2132882330393209     
  -2.2269848701351522        12.441146850576903       0.19935856508240046     
  0.44857672340174476       -1.0371629897356389        1.6309039042775850     
  -3.2073270428584442       0.67384626742233178        5.0596759715671231     
   2.9395088519831265E-002  0.43460151321447610      -0.24443175633757905     
  0.33149848308617652        1.1109507309460833        1.7566419786075651     
   1.3225871473356652       -5.5367556375341298E-002  0.78193965785760178     
  -1.3777725469495665        2.4401431339106466E-002  0.34985909722558411     
   2.0933922639531395       -1.4408578816121471      -0.98438309156764359     
 -0.19308239900736304       -1.3720601371701411        5.0374456498710043E-002
   1.0615628370845973        6.5348237087706915E-002 -0.69484302254981511     
  0.74098600673106496       -2.0919530436110554        3.1847330300806362     
  -1.5889181054259143       -1.7318281646748117      -0.26136688973167355     
  -15.462446453331733       -8.9805699286105742       -5.9763149282243102     
  -2.0361117672701194        8.5568291701529409E-002 -0.63884110100937186     
   2.4920580845897922        13.356766078304457       -3.6792926842241589     
  -1.0574977562137520      -0.14364389340537825       0.90796874686583429     
 -0.77635347314686187       -1.6696871022468205       0.97405142128522304     
  0.40951950124915054       0.35501925603900319       0.20821083502812412     
  -1.4233603167944529       -1.0950095912249105       -3.8561839462814960     
   1.4971535331235524       0.52770624086210893        1.0335095359356679     
  -2.3697138833312468      -0.16737438363165283       -1.5570104872082742     
  0.91509887448662663        1.1945118535512622       0.48236879732091359     
  0.35855235898271293       0.27204045894433426       -3.4394460690194931E-002
 -0.52508008906304515      -0.85503663687310671      -0.23953350798193793     
  -8.9706568602536438E-002  -1.0687301370999409       0.86262947397909007     
 -0.99367000333284139        2.5902483101300540       -1.0269465448801713     
  -3.7508916293150119E-002 -0.17124683794703754        1.0230296630792921     
   10.764777787521236        10.264313147767893       -8.4334991605181955     
 -0.14527360087399191        1.5872395630445963       0.25853749356377231     
  -1.0290700056794049      -0.79011147844218077      -0.73904841930672460     
 -0.70902759077802557        1.9674990612358498       -1.9520768265486572     
  0.61158384990227421       -6.2376306113090585E-002  0.27577311302913809     
 -0.42160479808506623        1.2986971848817681      -0.24624645356138236     
  0.51033634359623881        1.8867814686568722        2.1677331319167625     
  -1.4042377052568753      -0.69609287316066981      -0.40860243859463152     
 -0.92318821219032188      -0.46065709823297107       0.75057724675937765     
  0.23197535461607155        8.8372136808609252        13.387876764601401     
   1.7497643083344929      -0.96592844293284963       -2.8984593852667038     
   1.8511854259680380      -0.48311666532399278       0.12755752804836643     
  -2.0384601797604267       -1.2186844646076387      -0.34028141627659725     
  0.53987230140157549       0.88883259279335380       -1.8086469586972684     
   2.1102582801976211       -2.2753746404109179        6.4106234782482314     
 -0.53989890449491573       0.54272202109033585       -7.3329161426548994E-002
   5.5756343000080575        8.9418651963063844        8.1590340680192437     
  0.32378578846570027       -1.3917105192370964        1.2276329791925356     
 -0.90249445968814035      -0.78887393818120732      -0.67045758480148054     
  0.83794924673960103       0.59695325024732770        1.5447230680172657     
   2.1130837892693286       -1.4756598023354965       0.51360722989000718     
  -4.0497181183904940E-002  -3.5443098203600143       -2.6255284284256151     
   1.4848538254993611       0.77706936153878159        2.0507124639943934     
  0.32526182241460333       -1.2671317120889554       0.91832400331126396     
   1.0360070122981280      -0.20699833368666162        1.2639131441938720     
   2.5693063315499836       -1.8127795317815638        1.4408007844342807     
  0.24811686718076728       0.65431884225245074       -2.0723109534286515     
   2.2052981159853631       0.80866492459846206       0.64136519646139889     
  0.92154337654957874       -1.7964504600317854       -6.3230136677358662E-002
   1.1700250753113710        1.1294632341644528       0.21443616025460338     
  0.80164698249461219      -0.70286855264840842      -0.98128266456456659     
  -1.9574366929106140       0.55682404486986259        1.5828158032862378     
 -0.37088592860611447       0.85880028214080117       0.21042126495078217     
   1.3571035392977635        1.6637134764518744       0.32914497320949720     
  -1.4813508248610709      -0.36139298908445749      -0.33402594143500464     
  -14.546816090891573        11.033338375880774        3.2039761198423395     
   1.3899653027259502       0.67726854162500882        1.1676675708608388     
  -2.8514397408567542      -0.36877765590912021       -1.6079698917588103     
  0.76799112572990980      -0.33450704294837219      -0.38532462432000336     
   1.0605798831925330        9.8497573473860789E-002  0.58078069915331243     
 -0.61219035504926400        1.7987348540164818       0.13933438174400276     
 -0.54930395068337379      -0.48093190733308167       -2.1206240763166817     
  0.86328008326951544      -0.19520564647313071        4.7486340810208922     
  -1.2389592084132395        2.7464271800051061       0.91148024828634244     
   1.5860560645657935       0.18204320466914742      -0.50265549245884755     
  -7.1520466216013050       -11.026364331532802        5.9257410137856192     
   9.4360941018162336E-002   1.4411732866968783       -4.1693389054386509     
   13.029074178624104        1.8599645814298347        12.480588228797366     
 -0.25593270560335890        1.0129440393014213       -9.6235595394515136E-002
  0.43152378755131365        1.3233753309233003      -0.59546024857140911     
 -0.95171369491072078       0.40358518491225553       0.99604454627098793     
   4.0521849058464312      -0.44937813690147277       -2.3785449136592356     
   4.4248935268639253E-002 -0.34683110176785875       0.63484551858101634     
  0.57010038377680006       -1.8431495746473878       0.22085228514335700     
  0.57893105739846773      -0.37257860188136199       0.29565876461694846     
 -0.20482302575600991       -2.3962348829688138       -2.1389345691781938     
 -0.66327510100666087      -0.14217804656836994        2.1894930767140544     
  0.89238637537713617       0.69194970432622371      -0.18493634239674533     
  0.61966733121836626       0.45012311957358642       0.43829954066269050     
   2.8337678137544047       -1.4987393161699090        6.6718277245512853E-002
 -0.33457555724365440       -2.6483321548320049       -2.2713729729110579     
  0.19986663397370641       0.62666320823940691       -1.2194070353084159     
   4.7859591705830581E-002  -1.2313932959151092E-003   4.5976207558622216E-002
 -0.61413334646723472      -0.42916565374802212       0.74034308196544674     
  -2.3940299220091785       0.60588129749922348      -0.92912978979871441     
  0.81880992311596623      -0.87812019791046880       0.96849235246549226     
  -2.1032785649202830        2.9208722225283914       -8.9141163047264484     
  0.48226393878024548        2.8662646477327316       0.22960095122633650     
  -1.7540265293810502        2.0190966777667723       -5.0148549298654442E-003
   1.5130537108265160E-003  -4.7484457067622481      -0.56017054511626507     
   2.1900356111683474       0.47850342901322473      -0.24198729375001490     
   2.3644702133591320        4.9947017667250959E-002 -0.96608364845435934     
  -1.0497229163387454       -8.7858907084651258E-002  0.45736936480246132     
 -0.40336370008558919       -1.2168638260221192        1.3424181300249345     
 -0.23574937487390357      -0.53139420420406924       0.14215202187080575     
   2.5399236515185915      -0.38474844664066549       0.29755734009483159     
  0.24186595656370691      -0.15133019475164339        4.5497500096182266     
   9.0729237039427577        3.1004345125367236       -10.757257081298048     
   2.7267881884105090       -3.1367371086284637        1.4559023091285863     
 -0.31629339227119191       -1.0095295207907218      -0.54549057875331630     
   1.3267431956663716        3.4081961241948586        6.7826885922720859     
  0.32363050191377574        2.4230718515986691        1.4333563808777880     
   14.688214432347554       -7.4783146369839821        9.2849088840840928     
   1.0231478666162312       0.40307971646212415       0.29870681909890207     
  -1.5852690335216040       -3.0129676946537449        8.1277618060938472E-002
  0.73057822466675104       -1.2857975607188916      -0.96414839344624659     
 -0.66508896603652434       -1.9654579570675477      -0.91885943034403239     
  0.54154166350285526        1.6007745828194082       -1.8083090373154374     
  0.15015025417225208       -1.3625533022050671       -1.7168018182654854     
   2.2912407223213362        12.131094655336023       -10.131476097013136     
 -0.20194650962285954        8.3825784744910758E-002  0.33965511929236464     
 -0.13058952827892567        1.0271568973049370      -0.45660729870592803     
   1.6882823814179591      -0.64805332759355982        2.4825884832221159     
 -0.74781202955834947      -0.36536973603548156       0.49390700842928043     
  -2.0811079228977123       0.13933582560745589       0.99985246821770024     
  -1.3560601440500808        2.1441344928877752      -0.17728749287696199     
  -5.5446705009638295       -1.0377680777877638       -10.971250218580828     
  -3.8212242565620334       0.29593566287391393       -3.0116724720650301E-002
   1.1830290617199166      -0.75258263023490368        2.3471038463961227     
  -1.6690836121828412        1.6940554851194451       -2.1454698933560881     
  -2.6767490682616017       0.49661547796231104        1.1141558597932710     
  -3.4826023378966191       -5.8773151555200460        2.7742256398828893     
  -3.6312885618853659E-002   8.9328308630272732E-002  0.94576085858185122     
  0.93175456677482438       0.28988674940604364       -1.0852076711813756     
  -9.9007687673592318E-002 -0.55386772055884481       -3.4116945255681568     
  0.27534305967725231      -0.24941470243029490       0.87019637866788568     
  0.78464781695240737        1.1863904415107283       0.31062630218579995     
  0.90122092967918910      -0.47262975806501328        1.9599503716584388     
   1.4020914938700206       -1.1058058724363209      -0.93410068417670489     
 -0.94160805669025283       0.88479145479110555       -2.5054885656443640     
 -0.31698533586287725       0.10324458608563078       -4.9335254816132393E-002
 -0.66306291966730324      -0.67515736293291084       0.73283673571387176     
  0.43075929568078514       -2.5783525773461977       -1.4390479792803834     
  0.19938744960500307       -1.7667597177781438      -0.58066939030593778     
  -1.3198173072275083       0.64083458880272381        1.7468925971441174     
  -1.5341878053194882       -1.6118956261656641        1.0567849012706632     
  -1.8977207946343984       0.78068394059723234       0.48405889602743596     
 -0.66329996675836789       -1.8056348676553300      -0.57836542647497291     
  0.15163592466190753       0.25447884402946397       -2.5297512646664631     
   1.4974984992645088       0.75707334408655558      -0.74096918728570504     
  0.88194326956556246       -1.2519547389738699       -1.3295957868446644     
 -0.55346799652906820       -1.5750929709443222       -5.6801522533361064     
   1.2252548919091693       0.87591863247978696       0.60058848318498015     
  -2.0634353165282557       -3.7084335070338141E-002  -8.4103666890782219E-002
 -0.53689573183581463       0.48933360919802565        1.2398980068842145     
 -0.94752522124076344       0.99909187095021257       -1.6910131993757371     
   8.6646314148981995E-002   1.1906787533930321       0.25379641490569149     
  -1.4383996204609955       0.47057773130951330       -2.0711924759316687     
  0.90348993093162011       0.29449444579906059       0.14041872806011982     
 -0.86572589587398474        1.2476259931726257       0.81041800036899914     
   10.113024958041555       -9.5549910925438688        15.187730578274628     
   1.5395235444576580        1.4158553847892552       -1.3534098191816626     
 -0.43212268039531082      -0.91825443405505447       -2.0375998185224615     
 -0.61957594624712975      -0.14552112902487863       0.37437710435446797     
  -8.1445460515752688E-002 -0.87698942715794548       0.59690926231657049     
   7.9378828719114572E-002  0.13511714699334193       0.11922598139895370     
  0.97402969975956766       -1.6517675452756280       0.25797748190292336     
 -0.95563090873058421       -25.234198434753473       -2.8406235300672344     
 -0.72737460509531837      -0.25047860290397589      -0.34279649866747447     
  -1.7230359271474092      -0.89716403491444052        1.1722500158305951     
  -5.7318198687362916       -18.953174843494548        11.561830629292256     
 -0.73387727813161341      -0.31158879559986974       0.14669036559262735     
  -1.0648673628859688       -3.2616267499098108        3.5264649846794852E-002
   1.2025305350498501        2.3721769146879197       0.37636543498555247     
 -0.39750017642301250       -2.4874560636609040        1.9650203101287369     
  -1.1808417137124996      -0.85142357839383209       -1.4373328102917227     
  0.98769113474562398        1.4311404125619960        1.2524590022600106     
 -0.97297892430828181       0.11651649949327081      -0.82620132183897632     
  -1.1171931110226572       0.47730297328040489      -0.23978529200861237     
 -0.47072463383491336       -2.3130326992166630        1.6941628711913981     
  -1.0170871532064953       0.84164002142240890       -1.1903998356249077     
   1.1536073645704574       0.56148056400804158       -2.0202379827227821     
  -7.2980396794553509E-002  0.83551221513627549        6.6955462515860403E-002
   1.2259925582238871      -0.40113821440987452      -0.26541631125924209     
  0.51628352876723715       -1.1722850573380588       0.55810004520592726     
 -0.79922151864547897       -1.1768411964037258      -0.72909857399468070     
 -0.12615185432103909       0.72015021569758053        1.6652345388738330     
 -0.80676825632743032       -2.6656311341455234      -0.36839676257383142     
  -5.5956653781122947        7.0471328306363832      -0.70048225690967403     
 -0.92002289735130471        1.0259784322851888       0.29089699384582507     
   4.9740181776186602E-002  0.97318776399456441        2.0103374448441347     
   4.1789360380739670E-003  -2.2138229948444175       -1.1030376936875557     
  0.18516158892254356      -0.70237769581665332      -0.28192069483380111     
  -5.7355000883687994       -10.478723903130428       -12.780575477567483     
   1.2670418763431850       0.40004765334814091      -0.13228758315787775     
 -0.53459573119251191       0.81443246834996830        1.0697865508463511     
  0.98519030335173574        8.0699960033380452E-002 -0.14424898034096434     
 -0.73862671974883687        3.6664673337524181       0.38886313207700984     
  -1.0032915344224789        1.0158860524561906      -0.55518427933909509     
   9.7924878841097929        10.327509058239123        1.0476871545943180     
 -0.50919077520523959       -1.1533897562428732       -1.2556754685768627     
   6.1888708432711406        4.4883370868400609        1.5979717465841947     
  0.14685446394634868       0.10187051228437005       -7.8184244671548081E-002
   2.4106621051069617       0.89222610592408835      -0.46786258280553522     
 -0.58747000295957441      -0.76183551130130911       -2.2457572168112288     
  -1.2705267492890948        1.5336574599786128       0.57848534944746655     
   1.1234936597447818      -0.30206464258604337       -3.8977710420736993     
   2.5045411385866005      -0.56135504115896129        1.3467139631593819     
  -1.6512076999764429      -0.57178238961643668        1.9398474871633993     
  -5.6100400425740091E-002  -9.5512546435041284E-002  0.68609923539364037     
  0.18927433783653180      -0.59011918620883286      -0.74093144332929717     
  0.39790628556780078      -0.41578081761939889        2.5445608790813692     
   1.2237461128823610        1.3835595146083910       -1.1119181302644199     
   2.1634893577454006       -2.2196394557961567        1.6787133897734119     
   5.5306979730976917E-002   2.3203636163299231      -0.31604818660033202     
  -1.2039514490519956        1.4292870607902912        1.6017978175522958     
   2.0812976838672732       0.60771610851190583        2.1831854333259475     
  -7.6127540437392893E-002   1.7936082358283891       -1.1255408864856504     
   1.4501459042684939      -0.86856067262835024       0.19826695595993604     
   1.4232856687867694       0.94053755127441419       0.62589744436436801     
 -0.57238346757083791       0.67959886128620917       -8.0232809647743167E-003
  -1.3991235995814264       0.33355182599942013        1.0983974541066344     
  -2.4401279971004972       -15.155278411541191        1.2981493467879657     
  -1.7514058541350841      -0.18745358093951980       -1.2197883839222401     
  -2.3265492288692164       -9.7982685846313196        7.1519666988657642     
  0.92565135209100846       0.17505746571708908       -4.0380033739535685E-002
  0.15504395361019391       -2.7671974472766454        1.7105567156243695     
 -0.14483312091253325        3.7680207444446487E-002 -0.22889436765758139     
  0.10673294565477826      -0.15937102169765638      -0.18378249546875747     
 -0.14674921414696324       -1.4799334910346555       -1.5797520145738202     
   7.5129052513910004      -0.24951844018239577       -5.5590899479930593     
  -1.9674765124309521      -0.28610827293752716       0.69896515864252817     
 -0.31849509617616062       -1.1114132859540287      -0.22182212596030479     
   1.5454619584284872        1.9485230311896606       0.96342078751374471     
  -1.4384562991338408       0.48689521123887219      -0.22285775410009748     
  0.42685911275961930      -0.39058183390852952        1.5462184725275228     
  -1.9306636677403011        1.7795701770604631      -0.93973618494591959     
  0.62119446573299886      -0.47464526244732186       0.60008690930216424     
   1.2976949309610670       -1.9691314790122731       -1.2405766227670196     
   7.1775185607598269E-002  0.14708426634988397       0.22887656045062427     
 -0.76324095140547144       0.11350240716014773        1.3059602010251319     
  -2.6467706717722188        5.0446275561162501       -1.2061906456271096     
  -3.7146776308506855       0.44354271125304295        8.2352993030876398     
  -2.6798029407587727        7.7903503355922927        2.7046025447288602     
 -0.88597221537545490      -0.64228349692194442        1.4088797689093651     
   5.5433044039973067E-002 -0.45455453444870286       0.40746461602906564     
 -0.53983781994089897      -0.92452119842037916        9.7436871948330006E-002
   3.2419865508112862       0.37623364978693125       -2.1233587962252747     
   1.9375028607368294       0.95433350025480634      -0.83492608520018408     
   2.0000635412257828       -1.7655659826873000      -0.10076997085762490     
   1.4025604404449099       -7.0087956697296505E-002  -1.5794890886437858     
 -0.26436800992016596       0.37990710736933092       -2.8628883925982649     
   2.5987218774930145      -0.57742669927950074      -0.89203680153493292     
  -1.2693268252654888       0.53925974000578192       0.30870373919508054     
   1.3829016604120714       0.41944456822601872        1.0467984158899983     
 -0.92196925359524184        1.5139578360170098      -0.70359404796698088     
   1.3006751553276441        1.5214449651462096        2.1105551612261042     
   15.146778788397810        8.8470587139298100        5.0183345895707241     
 -0.65642650696588400      -0.44849303367484583       -1.1845230651554788     
  0.85062591477611860      -0.54750937975304459      -0.25508984468658125     
   3.9458773047468521        15.816599924438979        6.7752224582172955     
 -0.62925416971947445        1.0639741485490892       0.24610260279769328     
  0.17017516855628084      -0.22707332275866526       0.26493816605195158     
  -1.7435397173224052       -4.5649683191242962E-002  -1.6756580507547789     
  -2.0301205300323106       0.15991100483528808       0.55060794544475855     
   1.2092118440594197        6.9025500393342765E-002   1.4520795085036593     
   2.1841931965154961E-002 -0.10107586465082811       0.30188397364945335     
  -1.7907399452846982       -1.5627316753878285E-002   3.4584576799119224     
  -7.8953054182772808       -4.6039016300341045       0.99902869077944534     
  -4.5463647029300658        9.4186005660528309       -3.9596166864014646     
   1.4064450776980093       0.42601528460398030       -2.5867459505063404     
  0.16762488787279628        1.5140085071195040        2.2383173991027419     
  0.75694002587835940       -2.1315906143924992      -0.75849656603071536     
  -2.1095382015728528      -0.76882237211949267        1.4687463071642695     
  -1.3204828346300497      -0.97688477130957252        1.6219980079433529     
  0.69331119619206305       0.22334106402350676       0.57871173644692597     
  -1.0114689533560262        1.4799136038943270      -0.98169223388363447     
   1.4891487891733393       0.79192223613838031       -2.9407431417233285     
 -0.95422781860850103       -2.0415181536298173       0.77045226446947002     
 -0.54485642291397152       -1.3415151737511188       0.79817769593039534     
 -0.72042926161676901       -3.9806702374981663E-002 -0.41606438049949485     
  0.63724041068174542      -0.38273029850563900       -2.1329852263406601     
   10.129210473009502       -7.8672376017052104       -2.0595292748526202     
  -1.9414759078850943        1.5605609594450169        2.4030246974528815     
   1.4833438291673080      -0.78282226357262896        1.7094756036760121     
 -0.29482086700089916       -5.7437095927828537E-002  0.30863103897671995     
  0.82106356164365935       -2.0345047955000677        2.3105884411842474     
   1.0361823938922217       -3.3733954259365051       -20.483119442757918     
  -3.4397743967919636       0.68085816616632744      -0.93898165362306485     
   3.9345015583599825E-002  -1.2371745317351353        1.3547125395534250     
  0.13413015254991412       0.43870433760664546      -0.66555140120466172     
   1.7834427558723478       -2.4447111874355900        3.1652096339108753     
  -8.7911031315066057E-003  0.19265844684833458      -0.50996624941872026     
   2.4941365226090340       -7.4344628943170852       -2.0240210039748008     
  0.12017753789580948       -6.5681227624545035E-002 -0.21968642164691826     
   1.8638311259581171       0.22904232183892387       0.42668638355554267     
  -8.6633861390900453       -13.381546236825816        16.445767040894317     
  -2.2106940424083814      -0.63249440609037022      -0.40738810592642705     
   1.6621917632736687      -0.49859197213502970       -1.0368294131831672     
   1.1963226500031925        1.7006130003244520        1.0933386977283848     
   1.2652385306553942        10.100105017949931        2.8141548252785635     
 -0.81739364123336988      -0.15128332531135058      -0.33922855079231595     
  0.30096863612333097        2.0845412460027615        1.0268876843819894     
  -1.1947953250371155       0.53835337301645270       -1.2081586789863998     
   2.4856893036432792        3.4611345740397503       -5.0156769705377853     
  0.46353662056072048      -0.32120726009089567       0.47157075304999890     
  -9.5074826311550981E-003   5.3688895437298267E-002 -0.19287235502313216     
  -1.8096669606943128        3.6542107480478427        1.6839182205361085     
 -0.32592241028386698       -2.6362921745964996       -1.7755331940065380     
  -2.7033757313907194      -0.16585422864806998       -3.3917569448689964     
   20.946788862877934        5.2639037534153967        2.5130204016886997     
   1.6894710281411167      -0.46964483278050229       0.24252208800771236     
  -2.4266407500634184        1.2418235218602329      -0.85983417247685612     
  0.42419539672160567       0.64624198083165041       0.95513758473357979     
  0.61748712874135836       -11.046745090501860        2.0113917915132844     
  -2.8684191166338982E-002 -0.10677756830494571        4.4931424228204131     
   2.5919456568751871       -19.693023342746940       -2.6358647723357338     
   2.8895130684881694       0.64686267079124560      -0.74219362245335885     
  -1.2458749601012284       0.71430337195118054      -0.83142216320056250     
  -1.0838812344278412        1.5754323541372721       -1.5958327889776103     
  0.10919014941654787       0.58178223567502008      -0.21612992580864707     
  0.36746818356252769       -1.7211094691683648       -1.0682232534760585     
   1.0274569358885848        2.3580703077679495        1.8325301723297407     
  -1.2084331550940006        1.7165116312067614       -1.3530743087429977     
 -0.43344789909268611        1.6765883385523002      -0.84034551285758163     
  -3.1010609091648540       -1.4726492338751238      -0.47182477769409636     
  -2.3159945427829536       -2.2887604200921223       -1.7135430529946494     
 -0.32222159842968340       0.35316916550288063      -0.84914524151961457     
   2.9697728078860228        5.0921870117837384       -3.6882057204218706     
  0.31569359128824931       0.81690788292456118       0.87525680013476881     
  0.26013531505327225      -0.73888470080767499      -0.79485757158985693     
 -0.67259238594840021       0.14753620155399561       0.19954206265827384     
 -0.20355472489748516      -0.12000938364050538      -0.98441128387434351     
  0.81470584513948408       0.11280555277520998        1.7495270876643669     
   2.7211081218879527      -0.49280662847193640       -2.6197561651032197     
  -11.983220414697232        2.9543506051780768       -3.9152816193649898     
   10.343984001488645        12.159985677533358       -6.9213223444741665     
  0.14210441260707141        3.5604508832275630       -4.3518680393301201E-002
 -0.93472227176684974       0.16631743488880324       0.28605942928443906     
  -1.5279132781608353        1.0527502454755149      -0.19011835860482185     
  -2.6965420177279498       -1.5593899528379460        1.1137956579486383     
  0.37970993686268656       -9.0632714714046276       -11.252349980092520     
 -0.77663359411382671       0.50235594279818208       0.38826239002080459     
   1.5368582261763126       -2.2206803424416623       -2.8546659111919932     
  -1.9043069697872690       -1.2490113547769410        2.2966471759458358     
   2.9762538580213917E-002 -0.97091041878185813       -2.2921509134187836     
  0.29399446897407383       0.54586771670068457        2.6053387324487707     
 -0.53346495321272625        7.2041077079938343E-002  -1.0650416506184139     
  -1.5103316387003884        3.8875959149132930E-002   2.2582413892346711     
   4.0997118332742915        4.8968962403517970      -0.18150060638185134     
 -0.15371674869222485        9.8461251020349555E-002 -0.15064322705828895     
  -11.213236120123657       -4.5417333113363139       -19.350681786429973     
  0.17258134239281175      -0.48993614730237367       0.21178377006179896     
  0.82191249226166574      -0.77406423572742522        1.8078893290007991     
 -0.59696902272018004       0.97375521796421860       -1.3757083931248688     
   11.322362843871581       -12.932875305884648        13.036106715624351     
   2.3628636347583996       -3.0194347173967695      -0.31683617914545664     
 -0.51437173552402937       -1.5218438473865605       -2.2074395104242113     
   2.3850131252989883        1.6369087979055410        5.3541620456011607     
  0.28611597945227857        6.9514323717293838E-002 -0.46503835601475135     
  0.29377250728495280        1.2446009067275861       -2.0808526434804393     
  0.29483850379039200       -1.0148724070941520E-002  -1.4654811420056908     
   7.2503405927699252        17.057870351314609       -6.7046428347957328     
  0.35001966109263805       0.12228868291914265       -2.8523364459789962     
   9.5112814041879989E-002  -3.7124095691619070        2.6757159160599393     
 -0.20499609693699319        3.5598369327644729E-002  -1.6271480372565279     
 -0.46693066928883753       -1.5368769869946031       0.63550749785993899     
 -0.29635099280893018       0.74870525041610581        1.8830881748679376E-002
   3.4119392162411382        3.6508589804061922       -2.5501955438749109     
   1.5390633389514088E-003  0.32778462699379046       -1.0075789639259360     
   2.4841749293199196       0.30250379881834227       0.19280942320522987     
 -0.91895089108337680      -0.37405509380309765       0.33903865252500698     
  0.42743006510128179      -0.13316628420638454       -5.3645116431319917E-002
 -0.18300134272423749        2.8682333912695115       0.30592340339802082     
   1.4574248641045653       0.87356653385998062        1.5518674865644744     
   1.2925237191102836       0.48115846591563982        3.0254281449893843     
  0.60569528248495452      -0.36324464205314089      -0.55114941810153451     
   1.4606660002566474       0.27931344131802832       -1.2590259179667154     
 -0.46278637849949611       0.10066668873479862       -3.6887854748995266     
 -0.68026495345156546        1.3261803888519121        1.7527775619624935     
   6.7050188202653072E-003   4.8711835121870828E-002 -0.26327797410085951     
   2.6162645727189715      -0.56172578267313045       -2.0824082191114588     
 -0.34331288044789898       -7.5116065732937161       -6.1099043858923974     
  -7.8461096541067992        13.577346485311589        6.2863782736864442     
 -0.38834483944395781      -0.73541564654243885       0.67697756663821895     
  0.49120508789853007        1.4883999346542776      -0.49998309628218374     
   1.2378738778016685      -0.10915712097342017       0.75625070273080752     
   1.8138705034205220      -0.71059148460992494       -1.6719836314273826     
   2.1511637685292864E-002 -0.14555643982246305       0.49153012861559725     
  -10.429222098662056       -2.2120314211926915        10.824909153897979     
  -1.5363807269872620        3.8851230396536729        10.327479924208870     
   2.2656168763418219       0.39913390792789999        7.3333538501754419E-002
 -0.97159398670075692       -1.2799901081033174       -1.9711793363181584     
  0.67858022678951313       -2.4129612658950879       0.33228843087899040     
 -0.74070015866280481       0.19256958456280876        1.0148480294634119     
  0.26911745480933891      -0.71539380825110965       -1.7496105509077977     
  0.59788959031172106       -1.0516657469477850       -1.0046210207516277     
  -3.6179192241363300       -4.0176095387137627        21.559895187165580     
 -0.28657737529857896      -0.91212372944251441       -2.8974235022631043     
  -7.8212358649286610E-003   2.1021946323902987       0.66913400562934455     
  0.78376420208764142       0.31921297510749574      -0.40624680222841536     
  0.45351078847582982       -1.4138936115693774       0.28731963254019977     
   1.8822544433421857       0.56907666398875234        1.7833041214416951     
   5.0485155835407969E-002  0.37699806274565029        1.1853075635801595     
  -3.2403179973683560        2.8393652012044259       0.56719497070672475     
 -0.45703866916517571       0.37020892130811950        1.3787207016792342     
 -0.59153695162121078      -0.97483727261452835      -0.13439010933920215     
 -0.37448947491530693       -1.3389873696170977       -8.4793849637496699E-002
   1.4195937797529306       0.98997463515405582       -1.0146604068465082     
  -4.0269059229993935        4.4445803452547512        5.5636447383426058     
 -0.94973360827163100       -4.6848452620751088E-002   4.1643919317375584     
   1.4501343799865551       -1.8180504355955152       -1.0478502666569740     
  -8.4382922787925779E-002  -1.0606786161903412        1.1966848608545269     
 -0.31637565712556670        7.4684652234335624E-002  -6.6791632181888064E-002
   1.0599211187210484       -1.2270495035427289        2.0309838139200300     
  -1.4393766684792246        2.3150729994011217       -2.1188289518313486     
  0.56018526938786906       -1.1074316894614944        1.7524265547155693     
 -0.96388668289991630      -0.84079765573806242       0.83830976390602097     
  0.96004768566554666        5.8512965107852066      -0.71701467304475841     
 -0.79850009599192640       -8.9994458532351634E-002  0.95605094488875797     
  -1.7129941002382756        1.6552004954226629       -1.5571388835875817     
 -0.54099739470002828       -3.3873392457401375       -1.8529756895541902     
  -1.4937204701830202       0.17654411674083248      -0.25697221142697629     
   1.9300132059387174      -0.47741191006656691       0.40972623522751306     
  -1.2534541324664805       0.41133279364735487        1.8587845736672748     
  -7.5155776456608887       -17.076547740557153        7.2662034872591299     
   4.1143625099330761        1.2567323610079097       -1.3341364066242594     
   2.4247287529567449        1.6154022781505624        1.2716045964161544     
  -5.2000604024091318E-002 -0.16439547487103381       -7.4305669359869680E-002
 -0.64271986167873096       0.34085759415357680        3.1541870037174613     
   2.4838786885527657      -0.99803660334864808       -2.0195560318381887     
  0.24208536761902283       -1.1074745324284270       0.57712846451390543     
  -2.1336329700181755      -0.30947076654145828       -1.5066793629352577     
 -0.88777202955760304       0.12966770564785457       0.11702586346610885     
   2.1146199232064338      -0.65772989841929319      -0.75226348033048496     
   7.2923524547257382E-002 -0.22268646926579902       0.18136093428439942     
 -0.15569347512310322      -0.49517099019058841       -1.8607649579437238     
   7.0382816950726387E-003 -0.16552164509809594      -0.23082801710555639     
 -0.54844534868536376        6.3339495963643220       -3.8870431727621373     
  0.44463267081598185       0.57324508190593459       0.20625775086392070     
  -1.9255324544380532        7.9521570545087208        9.1444440265492695     
  0.94776391277280569        6.3355245053650561E-002   1.3693700800273154     
  -10.656545769220427       -18.318549234826474       -8.2986892669971564     
  -1.4131212460241431       0.57115282508245757       -7.2122345518033510     
  0.38809916333777539       0.49823953002903354       0.72409414913352999     
   3.0245908718906245       0.91072542956147806      -0.19329079102173191     
   4.0950231288277933E-002   5.4025710197444995E-002 -0.61482804088301779     
   1.9702115074911932        1.3065838969913923      -0.54938445009190184     
  -1.0604385042288329      -0.37018831881917263       0.67573715835504644     
  0.33516081637593143       -2.2014398787432117        1.3425733182808788     
   3.1133287476941844        4.9456381818642265        22.794967901927841     
   1.3706860388958531      -0.14201379154765942       -1.4746105692862077     
  0.74188531610019737       0.68304269477134161       0.98835279307203650     
  -19.703660740298826        8.6780183202365819        13.258201545429133     
 -0.32407803872761887      -0.25432011440695151      -0.97484273019710288     
  0.14354147621437055        3.2180062350176952E-002   2.8534322299531039     
   1.2400520851335832       0.24148648686130936        3.4731713067902952     
  0.21439240170147816        2.0476178523449855       -1.5096486198416696     
 -0.53455905338001086        2.6329282965699834       0.19353518574403372     
  -2.1033126265832003       0.23328394849473544        3.6470219763698033     
  -1.7959558586070823       -1.2273907626886098       0.75465321595107437     
  0.66963827473186111      -0.11858339820030114       0.42933189368745495     
   1.4418981109509994       -2.4569158286193895      -0.78495006387450883     
 -0.42408823096917053      -0.43727947022206193       -25.030982335269893     
  -10.923914302224816        11.915712429869597       -14.456790327315934     
  0.77088490196209603       -2.7343621792742123        2.1022329299469580     
  -1.0943427268865951       0.25910765137138048       -2.1268736090049418     
   1.7932811154272470      -0.89252282890542911       -1.8649446550343920     
  -6.6423806321701431        2.3636434824925479        20.053478694501660     
  -1.9838123359155639        2.1467574461428236      -0.82585949735185216     
  0.34135140315415285       0.33537802150274704        3.4933954159239056E-002
 -0.69698471344595547        5.5551647946524492       -9.6185009034180649     
  0.78889046749432612       -2.8038527289186961       -1.7952860576806076     
  -4.4636975578837275        3.8709640004522679       0.35022403707832839     
  0.44581803806475095      -0.69648916372209346       0.27404826595317811     
  -1.4336222742703908       0.80049078545683094       0.92245718388235343     
   1.1610998048337893        16.569616919395756       -2.3320934595125413     
  0.56067136349575353      -0.21370228732865135        1.1165910385077162     
  -1.4640294915723644       -2.1641606627604264       -1.2411629304324479     
 -0.21067529178110991       -1.2183328067464201       0.66171826289872948     
  0.83220034594256120      -0.22459645744293361        6.6362607382373345E-002
   1.8701562036933901       0.63711523086936350       -1.1431751334072267     
 -0.51485184720108923        2.2982956168332644       -2.0480173293571329     
 -0.25833583661953241        1.3976793860548553        1.2394586981951528     
  0.94332386011811409        1.2473667036473493       -1.9145726711185664     
  0.47723808390856515       -5.4781794895033570E-002  -3.6146919288591234E-002
  0.69726047843066796       -4.4890037310253927E-002 -0.35728097795504665     
   2.5026931048760868        1.1830080817027944        2.2551839629634709     
  0.19246555918051189       -8.9195803207197721E-002  -1.9839499283333271     
  -3.1182740156665392       0.20017749696342349       -1.5946316362360202     
  -1.6771117178254347      -0.51933292864643943       0.14894051381987117     
  0.95275615705108041       0.31821709770362355        2.1134602135739042     
 -0.33994823190882145       0.98973377683103736      -0.19311709016637019     
 -0.24699244345576254       0.22770740035782777      -0.83275180505536861     
  -1.4544914502108408      -0.27161170832394932        2.8632478717404792     
 -0.30580432887052506      -0.68295174231503653        1.1762365007180642     
 -0.59030702188900175      -0.28160062947328934       0.10418287678729297     
 -0.26204368789371679       0.51166104818227942       -1.1426757624392239     
  0.40363493796090932      -0.98716204156777032       0.52949872745925797     
 -0.19847328472769102       0.31811993023304369      -0.41870280526521508     
  0.17703562170485687      -0.40481836686444533      -0.42156318900880763     
  0.93123094674782503       0.92529038715273249      -0.31214766803321947     
  -4.6364477197619633        1.8393717603179218        1.4231314008796836     
 -0.91631034427542335        1.4095223671907338        2.5118194567658323     
  0.73936343520812020       -2.1418619672434591        5.1875705750485963     
 -0.62928070390370971       0.86636511576425124      -0.27533361790221050     
   1.6982243260681555        4.6920721752818384       -4.7869358157284285     
 -0.36759670235865088       0.28080147586490012       0.20209212919712977     
  0.74172670796665219        6.6255971219853524        6.4602806921937876     
  -2.0278333694932482        2.3919192656242831      -0.30050016983938937     
  -2.6440284907265958       -1.6112864816676229      -0.44027289436251132     
 -0.86723296034333586        2.4671556946092883        2.7358819055972048     
 -0.27223990286871091       -2.0960946798815803       -1.9894447674716693     
 -0.54791783930664895       0.36294292735561617       0.79144117539461944     
   1.3354227528701104       0.20705774065620905       0.68254663331149279     
 -0.78501178000871885      -0.28432511918481601        2.3227531938803083     
   14.044908370948342       -3.9252926168962108        2.3874330150874951E-002
   1.2424105544735882        2.4431236164582493       0.59243865379297578     
  -1.6035456549123719        1.5232414880099425      -0.69663515252899877     
 -0.17157277560844086       0.91010389956732185      -0.76914552526506152     
   2.7680606536778560       -1.2447672679589643        2.5010862683578670     
  -1.9487597631240186       0.44449102232904159        1.4487399757835351     
   3.5928075216734139        1.1491210033945443       0.79036856047051840     
   9.2338289205940978        17.681553096278677        5.4863730041993310     
  0.27960122707732782       0.53561918918376572      -0.29256182204639092     
  -1.4642015402252746        5.8940904200117827E-002   3.1819973230411653     
  0.46221397966270222        1.0746671791192317       -1.5449755655615103     
  0.37011739423173484       -1.3439457522019114       0.26553905892186763     
 -0.87707006104313812       -1.1874543695075737        2.0088511932043360     
  -12.223351496481360        2.8037162383878442       -7.0825890334029280     
  -1.5334670431594217       -1.0677646625321067        2.2200655444893411     
  -3.7514723682282987       -2.2820914772220143E-002   5.1060938944434260E-002
 -0.23508769814255090       -2.2343814260308381        1.4081966800145986     
 -0.55896530562068159       -2.2333954174826700      -0.68582193429783012     
  -2.1298929550090642        1.0011451115345982        2.4560777845704425     
  0.50251646847536902      -0.25120678862003265        2.1989380797934230     
  -3.8532673284495838        4.3604830144400699        3.9961852141986611     
  0.85266304037017970        2.0861893795624842      -0.82489858399153571     
  -3.6451661290006743       -5.8065644386391639        3.4630914181729247     
   2.8084960170610360       -5.7784406399580157E-002 -0.75220925478452516     
 -0.22120554719520338      -0.48680093474613650       0.12246555141398024     
   3.2779646170414498       -2.5168583054471294        3.0016592635249997     
 -0.63037095985030889       -1.7528390784556684       0.32814006613814467     
   1.9615828310605607        1.7011819852780419       0.18298714012818115     
  0.26484383770808567        2.6983748482585213E-002  -8.6027616937812010E-002
 -0.80314190464867385       0.27114688811084475      -0.42531903711586055     
  -1.5281044290907999      -0.34248474544788676       0.29637370997879153     
  -3.3704982876793057       0.89342862721522054        2.0643216214172981     
  -3.4092793839871152        3.0654878945161501E-002 -0.97343168016926274     
 -0.66519733544907123      -0.37356342109268970       -1.9080332819892434     
   6.9755279417924347       -9.1714390319883936        9.5204504660093878     
  0.36299806749654645        1.7496906188334680        1.6565144841923394     
  -2.4247503865612399       -2.3755242447744505      -0.57579869394925021     
   1.0983700607958542      -0.37022330791858749        1.8400027666784935     
  -2.5619929470719653       0.43194145444823218       0.18154655542777112     
 -0.36733434959444405       -9.6382502903208184E-002 -0.21395620874744339     
   1.2428160311341285       -2.5441165608489111       0.65133139367897508     
 -0.61504488251979206       0.95815705874070400       -1.0940515866962988     
   2.7802888731012270       -2.2954214620345748       -20.800679882298912     
  0.46434971651052953        1.7260316786867709        1.4987140634418761     
   2.4532708809138488        1.8267758682793003       0.15680713402343896     
 -0.34733684869399611       0.29611165095448910      -0.21820852788604683     
   3.0301657725062601        1.1599677404343613       -3.4051677879852975     
  0.16369585306598006      -0.18735128993865749      -0.90121379334092810     
  0.56592712938404188        9.8983280232199697E-002  0.86123550225372514     
  -13.902664428559344        8.8846018830600464       -10.864699978836908     
  0.15560519533244443       -6.7524486088787956        4.4554429135595139     
  -1.0911360452031866        1.4968427210083097      -0.77797154318546435     
  -2.2021573279169822        1.6473417764579041       -1.1461877975906773     
  0.31071051049147469       0.13890558252800217       -1.9284279158658437     
   3.3873004956369468       -6.3469710496503415        2.1467961503903408     
  -5.1183963773063903       -4.8833198192900849        15.126207320996976     
  0.24788693559675778        2.6895503900179434       -1.6023332566002915     
 -0.85181480101959084       -1.0105783142408002       -3.6572889010285148     
  -2.2138294294717147       -2.0826790352103215      -0.40336129324131270     
  -1.2482261954248139       0.30369905708302436        2.2602247775580371     
 -0.38987752200552583      -0.73454998015697992        1.7881052979098413     
 -0.63434352132937744        2.0605115309088822       0.19725711633631268     
   2.5434175773312151       0.78889419202892097      -0.54791611948684982     
  0.16132616187591434       -2.6270257677104107E-002   2.4357248432880398     
  -2.1268069328305543      -0.75542013816754949        2.3212397714404851     
 -0.15578780384723045       0.54658863002238234       0.55479859846168289     
  0.63141832148683619       0.33437795841299262        3.4315253501794041E-003
   4.1169655311516493E-002  -1.6525522926401637E-003  0.51521179500654846     
   2.3094512817698898        4.1664287088186338      -0.66590321159752897     
   7.4752362807223638E-002   1.2532529292224297       0.96644130536634842     
   2.1007544753861462        1.7463979939589476        1.0494649010334351     
   18.250488677695053       -2.8334424285277051        3.5488979522754871     
   3.5359135391792087       0.79512580034559810        1.1313029794740364     
   6.8805134564405845E-002  0.95064447943218555       0.62200283899759967     
  0.73164277758666896       0.59016560217775071       0.77726623530440153     
   1.0180071755530626       0.39870860005690967        1.0143873440439606     
  -8.8161008292178416        12.687833762897078       -12.500198944127282     
  0.32592095247511954        1.0972369032582026       0.94101625042371895     
  -2.3305301886254304        1.6201160144189595      -0.59186587312897221     
 -0.39574044656227503      -0.74091498477248374      -0.92940270944768666     
   6.9302473698086766       -5.7321847491727400       -3.5087757235008956     
   1.6077296526342431       -1.9542856961575750      -0.39008655744790438     
   3.8363411545533990        16.327769156475654       -14.248451123286854     
  0.51308772268039959       0.48181481627484118        2.0047081159399136     
  -2.1090081922172273E-002  -2.5872077447709918E-002 -0.89755484546569342     
   3.3271457435050639E-002  0.15363511905780994       -2.1281393270577147E-002
 -0.65988321501729030       0.71782674781543587       0.26776835997601978     
 -0.79027673808912013        1.9063108009565630       0.91322010582743940     
  0.91695631902088781        1.4259267715101209        1.2485056630620579     
  0.58567512027558055       0.58544570052194267      -0.41140676604714133     
 -0.61155487414103205       0.48565196427894342        1.2177540891644967     
